=== TEXTO EXTRAÍDO DA PÁGINA 119 ===
PDF: BR-B-UUQ_Firing_Table_Part_1
==================================================

F T 155 AR 1
TABLE F
CHARGE
PART 1
5G
PROJ , HE , M79 5
CORRECT ION FACTORS
FUZE , PD , M739 A1
1
10
11
12
13
14
15
16
17
18
19
R
RANGE CORRECT IONS FOR
A
N
MUZZLE
RANGE
A IR
A IR
PROJ WT
G
VELOC I TY
WI ND
TEMP
DENS I TY
OF 1 SQ
E
1 M / S
1 KNOT
1 PCT
1 PCT
( 4 SQ STD)
DEC
I NC
HEAD
TA I L
DEC
I NC
DEC
I NC
DEC
I NC
M
M
M
M
M
M
M
M
M
M
M
7000
24. 4
21 . 6
10. 7
8 . 0
20. 4
15 . 4
12 . 9
13. 2
26
29
7100
24. 8
21 . 8
10. 8
8 . 1
20. 6
15 . 5
13 . 3
13. 5
27
29
7200
25. 1
22 . 1
11. 0
8 . 2
20. 7
15 . 7
13 . 6
13.9
27
29
7300
25. 5
22 . 4
11. 2
8 . 3
20.9
15 . 8
14 . 0
14. 3
27
29
7400
25. 8
22 . 7
11. 3
8 . 5
21. 0
15 . 9
14 . 3
14. 7
27
30
7500
26. 2
23 . 0
11. 5
8 . 6
21. 1
15 . 9
14 . 7
15. 1
27
30
7600
26. 6
23 . 3
11. 7
8 . 7
21. 2
16 . 0
15 . 1
15. 5
28
30
7700
26.9
23 . 6
11. 8
8 . 8
21. 3
16 . 1
15 . 5
15.9
28
30
7800
27. 3
23 . 9
12. 0
9 . 0
21. 4
16 . 2
15 . 9
16. 3
28
31
7900
27. 7
24 . 2
12. 1
9 . 1
21. 4
16 . 2
16 . 3
16. 7
28
31
8000
28. 1
24 . 5
12. 3
9 . 2
21. 5
16 . 3
16 . 6
17. 1
28
31
8100
28. 4
24 . 8
12. 5
9 . 3
21. 6
16 . 3
17 . 1
17. 6
28
31
8200
28. 8
25 . 1
12. 6
9 . 5
21. 6
16 . 4
17 . 5
18. 0
29
32
8300
29 . 2
25 . 5
12. 8
9 . 6
21. 6
16 . 4
17 . 9
18. 5
29
32
8400
29 . 6
25 . 8
9 . 7
21. 6
16 . 4
18 . 3
18.9
29
32
8500
30. 0
26 . 1
9 . 8
21. 6
16 . 5
18 . 7
19 . 4
29
32
8600
30. 6
26 . 5
10 . 0
21. 5
16 . 5
19 . 2
20. 0
29
32
8700
26 . 8
10 . 1
21. 3
16 . 5
19 . 7
20. 6
29
33
8800
27 . 2
10 . 2
16 . 4
20 . 1
30
33
8900
27 . 5
10 . 3
16 . 4
20 . 6
30
33
**********************************************************************
8900
28 . 6
10 . 3
14 . 6
22 . 5
29
33
8800
28 . 3
10 . 2
14 . 3
22 . 3
29
33
8700
28 . 1
10 . 1
20. 2
14 . 1
22 . 1
21. 5
29
33
8600
31. 0
27 . 8
10 . 0
19 . 7
13 . 8
21 . 9
21. 4
28
32
8500
30. 8
27 . 6
9 . 8
19 . 3
13 . 6
21 . 7
21. 3
28
32
8400
30. 6
27 . 3
9 . 7
18.9
13 . 4
21 . 4
21. 1
28
32
8300
30. 3
27 . 0
12. 7
9 . 6
18. 6
13 . 2
21 . 1
20.9
27
31
8200
30. 1
26 . 7
12. 6
9 . 4
18. 3
13 . 0
20 . 9
20. 7
27
31
8100
29 . 8
26 . 4
12. 4
9 . 3
18. 0
12 . 8
20 . 6
20. 5
27
31
8000
29 . 4
26 . 1
12. 3
9 . 1
17. 7
12 . 6
20 . 4
20. 2
27
30
7900
29 . 1
25 . 8
12. 1
9 . 0
17. 4
12 . 5
20 . 1
20. 0
26
30
7800
28. 8
25 . 6
12. 0
8 . 8
17. 1
12 . 3
19 . 8
19 . 7
26
30
7700
28. 5
25 . 3
11. 8
8 . 7
16.9
12 . 1
19 . 5
19 . 5
26
29
7600
28. 2
25 . 0
11. 7
8 . 5
16. 6
11 . 9
19 . 3
19 . 2
25
29
7500
27. 8
24 . 7
11. 5
8 . 3
16. 4
11 . 8
19 . 0
18.9
25
28
81
(U//FOUO)
(U//FOUO)
(U//FOUO)
UNCLASSIFIED//FOR OFFICIAL USE ONLY


==================================================
FIM DO TEXTO EXTRAÍDO
