=== TEXTO EXTRAÍDO DA PÁGINA 336 ===
PDF: BR-B-UUQ_Firing_Table_Part_1
==================================================

CHARGE
TABLE G
F T 155 AR 1
7R
PART 1
SUPPLEMENTARY DATA
PROJ , HE , M79 5
FUZE , PD , M739 A1
1
2
3
4
5
6
7
8
9
10
11
12
13
R
E
PROBABLE ERRORS
ANGLE
COT
TML
MO
COMP S I TE
A
L
OF
ANGLE VEL
FOR
N
E
FUZE M582
FALL
OF
ANGLE OF S I TE
G
V
FALL
+1 M I L
1 M I L
E
R
D
HB
TB
RB
S I TE
S I TE
M
M I L
M
M
M
SEC
M
M I L
M / S
M
M I L
M I L
0
0. 0
16
0
0
659
0
0. 000
0. 00
1000
12. 1
16
0
13
79 . 5
611
3
0. 000
0. 00
2000
25. 5
16
1
1 0. 04
23
28
35. 8
566
13
0. 000
0. 00
3000
40. 3
16
1
1 0. 04
22
48
21. 4
523
32
0. 001
0 . 001
4000
57. 0
17
2
2 0. 04
21
71
14. 3
482
62
0. 002
0 . 001
5000
75. 7
18
2
2 0. 04
20
99
10. 2
443
106
0. 003
0 . 001
6000
96. 8
20
3
3 0. 04
20
134
7. 5
408
167
0. 004
0 . 002
7000
120. 8
22
3
3 0. 04
20
177
5. 7
375
251
0. 007
0 . 003
8000
148. 1
24
4
4 0. 04
20
229
4. 4
348
362
0. 010
0 . 004
9000
179 . 2
27
4
5 0. 04
21
288
3. 4
330
508
0. 015
0 . 007
10000
214. 3
29
5
7 0. 04
22
352
2. 8
318
694
0. 022
0 . 011
11000
253. 6
31
5
8 0. 05
23
421
2. 3
311
926
0. 033
0 . 019
12000
297. 3
33
6
10 0. 05
24
491
1.9
308
1212
0. 049
0 . 031
13000
345. 8
35
7
12 0. 05
25
563
1. 6
307
1558
0. 075
0 . 051
14000
400. 1
37
7
15 0. 05
26
637
1. 4
308
1977
0. 115
0 . 081
15000
461. 5
39
8
18 0. 06
27
713
1. 2
311
2486
0. 183
0 . 131
16000
533. 4
40
9
22 0. 06
29
793
1. 0
315
3124
0. 319
0 . 221
17000
624.9
42 10
27 0. 07
31
884
0. 8
321
3990
0. 789
0 . 433
************************************************************************
17000
982. 2
48 14
55 0. 13
37 1175
0. 4
339
7629
1 . 893
1. 56
16000 1055. 7
46 14
62 0. 14
36 1229
0. 4
341
8335
1 . 420
1. 33
15000 1110. 3
43 14
66 0. 15
35 1269
0. 3
342
8826
1 . 266
1. 22
14000 1155. 2
41 13
70 0. 16
33 1302
0. 3
343
9202
1 . 183
1. 15
13000 1193. 6
38 13
74 0. 17
31 1333
0. 3
344
9500
1 . 130
1. 11
12000 1226. 8
34 12
77 0. 18
28 1361
0. 2
344
9739
1 . 091
1. 08
11000 1255. 4
12
80 0. 18
26 1389
0. 2
344
9929
1 . 062
1. 05
29 8
(U//FOUO)
(U//FOUO)
(U//FOUO)
UNCLASSIFIED//FOR OFFICIAL USE ONLY


==================================================
FIM DO TEXTO EXTRAÍDO
