=== TEXTO EXTRAÍDO DA PÁGINA 226 ===
PDF: BR-B-UUQ_Firing_Table_Part_1
==================================================

CHARGE
TABLE F
F T 155 AR 1
6W
PART 1
BAS I C DATA
PROJ , HE , M79 5
FUZE , PD , M739 A1
1
2
3
4
5
6
7
8
9
R
E
FS FOR
DFS
DR
F
T IME
AZ IMUTH
A
L
GRAZE
PER
PER
O
OF
CORRECT IONS
N
E
BURST
10 M
1 M I L
R
FL I GHT
G
V
DEC
D ELEV
K
DR I F T
CW
E
FUZE
HOB
( CORR
OF
M582
TO L )
1 KNOT
M
M I L
M
M I L
SEC
M I L
M I L
3500
108. 7
9 . 2
0. 23
26
2
9 . 2
2. 6
0. 22
3600
112. 6
9 . 5
0. 22
25
2
9 . 5
2. 7
0. 22
3700
116. 6
9 . 8
0. 21
25
2
9 . 8
2. 8
0. 23
3800
120. 6
10. 1
0. 21
25
2
10. 1
2.9
0. 23
3900
124. 7
10. 4
0. 20
24
2
10. 4
3. 0
0. 24
4000
128. 8
10. 7
0. 20
24
2
10. 7
3. 1
0. 25
4100
132.9
11. 0
0. 19
24
2
11. 0
3. 2
0. 25
4200
137. 1
11. 4
0. 18
24
2
11. 4
3. 3
0. 26
4300
141. 4
11. 7
0. 18
23
2
11. 7
3. 4
0. 26
4400
145. 7
12. 0
0. 17
23
2
12. 0
3. 5
0. 27
4500
150. 1
12. 3
0. 17
23
2
12. 3
3. 6
0. 27
4600
154. 4
12. 7
0. 17
23
2
12. 7
3. 7
0. 28
4700
158.9
13. 0
0. 16
22
2
13. 0
3. 8
0. 28
4800
163. 4
13. 3
0. 16
22
2
13. 3
3.9
0. 29
4900
167.9
13. 7
0. 15
22
2
13. 7
4. 0
0. 30
5000
172. 5
14. 0
0. 15
22
2
14. 0
4. 1
0. 30
5100
177. 1
14. 3
0. 15
21
2
14. 3
4. 2
0. 31
5200
181. 8
14. 7
0. 14
21
2
14. 7
4. 3
0. 31
5300
186. 6
15. 0
0. 14
21
2
15. 0
4. 4
0. 32
5400
191. 3
15. 4
0. 14
21
3
15. 4
4. 6
0. 32
5500
196. 2
15. 7
0. 13
21
3
15. 7
4. 7
0. 33
5600
201. 0
16. 1
0. 13
20
3
16. 1
4. 8
0. 33
5700
206. 0
16. 4
0. 13
20
3
16. 4
4.9
0. 34
5800
210.9
16. 8
0. 12
20
3
16. 8
5. 0
0. 34
5900
215.9
17. 1
0. 12
20
3
17. 1
5. 2
0. 35
6000
221. 0
17. 5
0. 12
20
3
17. 5
5. 3
0. 35
6100
226. 1
17.9
0. 12
19
3
17.9
5. 4
0. 35
6200
231. 3
18. 2
0. 11
19
3
18. 2
5. 5
0. 36
6300
236. 5
18. 6
0. 11
19
3
18. 6
5. 7
0. 36
6400
241. 8
19 . 0
0. 11
19
3
19 . 0
5. 8
0. 37
6500
247. 1
19 . 3
0. 11
19
3
19 . 3
5.9
0. 37
6600
252. 5
19 . 7
0. 11
19
3
19 . 7
6. 1
0. 38
6700
257.9
20. 1
0. 10
18
3
20. 1
6. 2
0. 38
6800
263. 4
20. 4
0. 10
18
3
20. 4
6. 4
0. 39
6900
268.9
20. 8
0. 10
18
4
20. 8
6. 5
0. 39
7000
274. 5
21. 2
0. 10
18
4
21. 2
6. 7
0. 39
188
(U//FOUO)
(U//FOUO)
(U//FOUO)
UNCLASSIFIED//FOR OFFICIAL USE ONLY


==================================================
FIM DO TEXTO EXTRAÍDO
