=== TEXTO EXTRAÍDO DA PÁGINA 152 ===
PDF: BR-B-UUQ_Firing_Table_Part_1
==================================================

CHARGE
TABLE F
F T 155 AR 1
4W
PART 1
BAS I C DATA
PROJ , HE , M79 5
FUZE , PD , M739 A1
1
2
3
4
5
6
7
8
9
R
E
FS FOR
DFS
DR
F
T IME
AZ IMUTH
A
L
GRAZE
PER
PER
O
OF
CORRECT IONS
N
E
BURST
10 M
1 M I L
R
FL I GHT
G
V
DEC
D ELEV
K
DR I F T
CW
E
FUZE
HOB
( CORR
OF
M582
TO L )
1 KNOT
M
M I L
M
M I L
SEC
M I L
M I L
7000
490. 2
28. 6
0. 08
8
13
28. 6
10.9
0. 30
7100
502. 8
29 . 3
0. 07
8
14
29 . 3
11. 3
0. 30
7200
516. 1
30. 0
0. 07
7
15
30. 0
11. 7
0. 31
7300
530. 1
30. 7
0. 07
7
16
30. 7
12. 1
0. 32
7400
544.9
31. 4
0. 07
7
18
31. 4
12. 6
0. 32
7500
560. 6
32. 2
0. 07
6
19
32. 2
13. 1
0. 33
7600
577. 6
33. 1
0. 07
6
21
33. 1
13. 6
0. 34
7700
596. 2
34. 0
0. 06
5
24
34. 0
14. 3
0. 35
7800
616. 8
35. 0
0. 06
5
27
35. 0
15. 0
0. 36
7900
640. 4
36. 1
0. 06
4
33
36. 1
15.9
0. 37
8000
669 . 1
37. 4
0. 06
3
44
37. 4
17. 0
0. 38
8100
708. 8
39 . 2
0. 06
39 . 2
18. 7
0. 40
**********************************************************************
8100
845. 4
45. 0
0. 05
45. 0
25. 7
0. 50
8000
884.9
46. 5
0. 05
3
45
46. 5
28. 2
0. 52
7900
913. 4
47. 5
0. 05
4
34
47. 5
30. 2
0. 54
7800
936.9
48. 4
0. 05
5
29
48. 4
32. 0
0. 56
7700
957. 4
49 . 1
0. 04
5
25
49 . 1
33. 7
0. 58
7600
975. 8
49 . 7
0. 04
6
23
49 . 7
35. 4
0. 59
7500
992. 7
50. 3
0. 04
6
21
50. 3
36.9
0. 61
7400
1008. 3
50. 8
0. 04
7
19
50. 8
38. 5
0. 63
7300
1023. 0
51. 3
0. 04
7
18
51. 3
40. 0
0. 64
7200
1036. 8
51. 7
0. 04
7
16
51. 7
41. 6
0. 66
7100
1050. 0
52. 1
0. 04
8
15
52. 1
43. 1
0. 67
7000
1062. 5
52. 5
0. 04
8
15
52. 5
44. 7
0. 69
6900
1074. 5
52.9
0. 04
8
14
52.9
46. 3
0. 71
6800
1086. 1
53. 2
0. 04
9
13
53. 2
47. 8
0. 73
6700
1097. 3
53. 5
0. 04
9
12
53. 5
49 . 5
0. 74
6600
1108. 1
53. 8
0. 04
9
12
53. 8
51. 1
0. 76
6500
1118. 5
54. 1
0. 04
10
11
54. 1
52. 8
0. 78
6400
1128. 6
54. 4
0. 04
10
11
54. 4
54. 5
0. 80
6300
1138. 5
54. 7
0. 04
10
10
54. 7
56. 3
0. 82
6200
1148. 1
54.9
0. 04
11
10
54.9
58. 1
0. 84
6100
1157. 4
55. 2
0. 04
11
10
55. 2
60. 0
0. 87
6000
1166. 5
55. 4
0. 04
11
9
55. 4
62. 0
0. 89
114
(U//FOUO)
(U//FOUO)
(U//FOUO)
UNCLASSIFIED//FOR OFFICIAL USE ONLY


==================================================
FIM DO TEXTO EXTRAÍDO
