=== TEXTO EXTRAÍDO DA PÁGINA 322 ===
PDF: BR-B-UUQ_Firing_Table_Part_1
==================================================

CHARGE
TABLE F
F T 155 AR 1
7R
PART 1
BAS I C DATA
PROJ , HE , M79 5
FUZE , PD , M739 A1
1
2
3
4
5
6
7
8
9
R
E
FS FOR
DFS
DR
F
T IME
AZ IMUTH
A
L
GRAZE
PER
PER
O
OF
CORRECT IONS
N
E
BURST
10 M
1 M I L
R
FL I GHT
G
V
DEC
D ELEV
K
DR I F T
CW
E
FUZE
HOB
( CORR
OF
M582
TO L )
1 KNOT
M
M I L
M
M I L
SEC
M I L
M I L
3500
48. 4
6. 1
0. 35
60
1
6. 1
1. 4
0. 12
3600
50. 1
6. 3
0. 34
59
1
6. 3
1. 5
0. 12
3700
51. 8
6. 5
0. 33
59
1
6. 5
1. 5
0. 12
3800
53. 5
6. 7
0. 32
58
1
6. 7
1. 6
0. 13
3900
55. 2
6.9
0. 31
57
1
6.9
1. 6
0. 13
4000
57. 0
7. 1
0. 30
57
1
7. 1
1. 7
0. 14
4100
58. 8
7. 3
0. 29
56
1
7. 3
1. 8
0. 14
4200
60. 6
7. 6
0. 28
55
1
7. 6
1. 8
0. 14
4300
62. 4
7. 8
0. 27
55
1
7. 8
1.9
0. 15
4400
64. 2
8. 0
0. 27
54
1
8. 0
1.9
0. 15
4500
66. 1
8. 2
0. 26
53
1
8. 2
2. 0
0. 16
4600
68. 0
8. 4
0. 25
53
1
8. 4
2. 0
0. 16
4700
69 .9
8. 6
0. 25
52
1
8. 6
2. 1
0. 16
4800
71. 8
8.9
0. 24
52
1
8.9
2. 2
0. 17
4900
73. 7
9 . 1
0. 24
51
1
9 . 1
2. 2
0. 17
5000
75. 7
9 . 3
0. 23
50
1
9 . 3
2. 3
0. 18
5100
77. 7
9 . 5
0. 23
50
1
9 . 5
2. 3
0. 18
5200
79 . 7
9 . 8
0. 22
49
2
9 . 8
2. 4
0. 19
5300
81. 8
10. 0
0. 22
49
2
10. 0
2. 5
0. 19
5400
83.9
10. 2
0. 21
48
2
10. 2
2. 5
0. 19
5500
85.9
10. 5
0. 21
47
2
10. 5
2. 6
0. 20
5600
88. 1
10. 7
0. 20
47
2
10. 7
2. 7
0. 20
5700
90. 2
11. 0
0. 20
46
2
11. 0
2. 7
0. 21
5800
92. 4
11. 2
0. 19
46
2
11. 2
2. 8
0. 21
5900
94. 6
11. 5
0. 19
45
2
11. 5
2.9
0. 22
6000
96. 8
11. 7
0. 19
45
2
11. 7
3. 0
0. 22
6100
99 . 1
11.9
0. 18
44
2
11.9
3. 0
0. 22
6200
101. 4
12. 2
0. 18
43
2
12. 2
3. 1
0. 23
6300
103. 7
12. 5
0. 18
43
2
12. 5
3. 2
0. 23
6400
106. 1
12. 7
0. 17
42
2
12. 7
3. 3
0. 24
6500
108. 4
13. 0
0. 17
42
2
13. 0
3. 3
0. 24
6600
110. 8
13. 2
0. 17
41
2
13. 2
3. 4
0. 25
6700
113. 3
13. 5
0. 16
41
2
13. 5
3. 5
0. 25
6800
115. 8
13. 8
0. 16
40
2
13. 8
3. 6
0. 26
6900
118. 3
14. 0
0. 16
40
2
14. 0
3. 6
0. 26
7000
120. 8
14. 3
0. 15
39
2
14. 3
3. 7
0. 27
284
(U//FOUO)
(U//FOUO)
(U//FOUO)
UNCLASSIFIED//FOR OFFICIAL USE ONLY


==================================================
FIM DO TEXTO EXTRAÍDO
