=== TEXTO EXTRAÍDO DA PÁGINA 189 ===
PDF: BR-B-UUQ_Firing_Table_Part_1
==================================================

F T 155 AR 1
TABLE F
CHARGE
PART 1
5W
PROJ , HE , M79 5
CORRECT ION FACTORS
FUZE , PD , M739 A1
1
10
11
12
13
14
15
16
17
18
19
R
RANGE CORRECT IONS FOR
A
N
MUZZLE
RANGE
A IR
A IR
PROJ WT
G
VELOC I TY
WI ND
TEMP
DENS I TY
OF 1 SQ
E
1 M / S
1 KNOT
1 PCT
1 PCT
( 4 SQ STD)
DEC
I NC
HEAD
TA I L
DEC
I NC
DEC
I NC
DEC
I NC
M
M
M
M
M
M
M
M
M
M
M
7000
19 . 5
18 . 9
10. 4
9 . 1
19 . 8
19 . 4
14 . 2
14. 2
17
18
7100
19 . 7
19 . 1
10. 6
9 . 3
20. 2
19 . 7
14 . 5
14. 5
17
18
7200
19 .9
19 . 3
10. 8
9 . 5
20. 5
19 . 9
14 . 9
14.9
17
18
7300
20. 1
19 . 5
11. 0
9 . 6
20. 8
20 . 2
15 . 2
15. 3
16
18
7400
20. 3
19 . 7
11. 2
9 . 8
21. 1
20 . 5
15 . 6
15. 7
16
18
7500
20. 6
19 . 8
11. 4
10 . 0
21. 4
20 . 7
15 . 9
16. 0
16
18
7600
20. 8
20 . 0
11. 7
10 . 1
21. 7
21 . 0
16 . 3
16. 4
16
18
7700
21. 0
20 . 2
11.9
10 . 3
22. 0
21 . 2
16 . 6
16. 8
16
18
7800
21. 3
20 . 4
12. 1
10 . 5
22. 3
21 . 5
17 . 0
17. 2
16
18
7900
21. 5
20 . 6
12. 3
10 . 6
22. 6
21 . 7
17 . 4
17. 6
16
18
8000
21. 7
20 . 8
12. 5
10 . 8
22. 8
21 . 9
17 . 7
18. 0
16
18
8100
22. 0
21 . 0
12. 7
11 . 0
23. 0
22 . 1
18 . 1
18. 4
16
18
8200
22. 2
21 . 2
12.9
11 . 1
23. 3
22 . 3
18 . 5
18. 8
16
18
8300
22. 4
21 . 5
13. 1
11 . 3
23. 5
22 . 6
18 . 9
19 . 2
16
18
8400
22. 7
21 . 7
13. 3
11 . 4
23. 7
22 . 8
19 . 3
19 . 7
16
18
8500
23. 0
21 . 9
13. 5
11 . 6
23.9
23 . 0
19 . 8
20. 2
16
18
8600
23. 2
22 . 1
13. 7
11 . 8
24. 1
23 . 1
20 . 2
20. 7
16
18
8700
23. 5
22 . 3
13.9
11 . 9
24. 2
23 . 3
20 . 6
21. 1
16
18
8800
23. 8
22 . 5
14. 1
12 . 1
24. 3
23 . 4
21 . 1
21. 7
16
18
8900
24. 1
22 . 8
14. 3
12 . 2
24. 4
23 . 6
21 . 5
22. 2
16
18
9000
24. 4
23 . 0
14. 5
12 . 4
24. 5
23 . 7
21 . 9
22. 7
16
18
9100
24. 7
23 . 2
14. 7
12 . 5
24. 5
23 . 8
22 . 4
23. 2
16
18
9200
25. 0
23 . 5
12 . 7
24. 6
23 . 9
22 . 9
23. 7
15
18
9300
25. 3
23 . 8
12 . 8
24. 6
24 . 0
23 . 4
24. 2
15
18
9400
25. 6
24 . 0
13 . 0
24. 6
24 . 0
23 . 9
24. 8
15
18
9500
25.9
24 . 3
13 . 1
24. 6
24 . 1
24 . 4
25. 5
15
18
9600
26. 4
24 . 6
13 . 2
24. 5
24 . 2
25 . 0
26. 3
15
18
9700
24 . 8
13 . 4
24 . 3
25 . 5
15
18
9800
25 . 1
13 . 5
24 . 3
26 . 1
15
18
9900
25 . 4
13 . 7
24 . 3
26 . 6
15
**********************************************************************
9900
26 . 2
13 . 3
22 . 4
29 . 0
15
9800
26 . 0
13 . 1
22 . 0
28 . 8
14
17
9700
25 . 8
13 . 0
21 . 7
28 . 5
14
17
9600
26. 8
25 . 6
12 . 8
23. 3
21 . 4
28 . 3
27. 2
14
17
9500
26. 6
25 . 4
12 . 7
22. 8
21 . 2
28 . 0
27. 2
14
17
151
(U//FOUO)
(U//FOUO)
(U//FOUO)
UNCLASSIFIED//FOR OFFICIAL USE ONLY


==================================================
FIM DO TEXTO EXTRAÍDO
