=== TEXTO EXTRAÍDO DA PÁGINA 139 ===
PDF: BR-B-UUQ_Firing_Table_Part_1
==================================================

2
3
3
F T 155 AR 1
TABLE B
CHARGE
PART 1
4W
PROJ , HE , M79 5
COMPLEMENTARY RANGE
FUZE , PD , M739 A1
L I NE NUMBER
CHANGE
I N RANGE ,
I N METERS
TO CORRECT FOR COMPLEMENTARY ANGLE OF S I TE
L I NE NUMBERS OF METEOROLOG I CAL MESSAGE
HE I GHT OF TARGET ABOVE GUN
METERS
RANGE
L I NE
400
500
600
700
800
9 00
1000
METERS
NO.
0
2
100
5
7
9
11
13
14
200
7
10
12
15
18
21
24
300
10
13
16
19
23
27
30
400
11
15
19
23
28
32
37
500
13
17
22
27
32
37
42
600
15
20
25
30
36
42
48
700
16
22
27
33
40
46
53
800
18
24
30
36
43
50
58
900
20
26
32
39
47
55
63
1000
21
28
35
42
50
59
67
1100
23
30
37
45
54
63
72
1200
24
32
40
48
57
67
77
1300
26
34
42
51
61
71
81
1400
28
36
45
54
64
75
86
1500
29
38
47
57
68
79
90
1600
31
40
50
60
71
83
95
1700
32
42
52
63
75
87
100
1800
34
44
55
66
78
91
104
1900
36
46
58
70
82
95
109
2000
38
49
60
73
86
100
114
2100
39
51
63
76
90
104
119
2200
41
53
66
79
93
108
124
2300
43
55
69
83
97
113
129
2400
45
58
71
86
101
117
134
2500
47
60
74
89
105
122
139
2600
49
63
77
93
109
126
144
2700
51
65
80
96
113
131
150
2800
53
68
83
100
118
136
155
2900
55
70
86
104
122
141
161
3000
57
73
90
107
126
146
166
3100
59
75
93
111
131
151
172
3200
61
78
96
115
135
156
178
3300
63
81
99
119
140
161
184
3400
65
84
103
123
144
167
190
3500
101
(U//FOUO)
(U//FOUO)
(U//FOUO)
UNCLASSIFIED//FOR OFFICIAL USE ONLY


==================================================
FIM DO TEXTO EXTRAÍDO
