=== TEXTO EXTRAÍDO DA PÁGINA 82 ===
PDF: BR-B-UUQ_Firing_Table_Part_1
==================================================

CHARGE
TABLE F
F T 155 AR 1
4G
PART 1
BAS I C DATA
PROJ , HE , M79 5
FUZE , PD , M739 A1
1
2
3
4
5
6
7
8
9
R
E
FS FOR
DFS
DR
F
T IME
AZ IMUTH
A
L
GRAZE
PER
PER
O
OF
CORRECT IONS
N
E
BURST
10 M
1 M I L
R
FL I GHT
G
V
DEC
D ELEV
K
DR I F T
CW
E
FUZE
HOB
( CORR
OF
M582
TO L )
1 KNOT
M
M I L
M
M I L
SEC
M I L
M I L
0
0. 0
16
1
0. 0
0. 0
0. 00
100
6. 2
16
1
0. 4
0. 1
0. 00
200
12. 3
16
1
0. 7
0. 2
0. 01
300
18. 4
16
1
1. 1
0. 3
0. 01
400
24. 6
16
1
1. 4
0. 5
0. 02
500
30.9
1. 8
1. 16
16
1
1. 8
0. 6
0. 02
600
37. 2
2. 1
0.97
16
1
2. 1
0. 7
0. 02
700
43. 5
2. 5
0. 83
16
1
2. 5
0. 8
0. 03
800
49 . 8
2. 8
0. 72
16
1
2. 8
0.9
0. 03
900
56. 2
3. 2
0. 64
16
1
3. 2
1. 0
0. 04
1000
62. 7
3. 6
0. 58
15
1
3. 6
1. 2
0. 04
1100
69 . 2
3.9
0. 52
15
1
3.9
1. 3
0. 04
1200
75. 7
4. 3
0. 48
15
1
4. 3
1. 4
0. 05
1300
82. 3
4. 7
0. 44
15
2
4. 7
1. 5
0. 05
1400
88.9
5. 1
0. 41
15
2
5. 1
1. 7
0. 05
1500
95. 6
5. 4
0. 38
15
2
5. 4
1. 8
0. 06
1600
102. 4
5. 8
0. 36
15
2
5. 8
1.9
0. 06
1700
109 . 1
6. 2
0. 33
15
2
6. 2
2. 1
0. 07
1800
116. 0
6. 6
0. 32
15
2
6. 6
2. 2
0. 07
1900
122.9
7. 0
0. 30
14
2
7. 0
2. 3
0. 07
2000
129 .9
7. 3
0. 28
14
2
7. 3
2. 5
0. 08
2100
136.9
7. 7
0. 27
14
2
7. 7
2. 6
0. 08
2200
144. 0
8. 1
0. 26
14
3
8. 1
2. 8
0. 09
2300
151. 1
8. 5
0. 24
14
3
8. 5
2.9
0. 09
2400
158. 3
8.9
0. 23
14
3
8.9
3. 1
0. 09
2500
165. 6
9 . 3
0. 22
14
3
9 . 3
3. 2
0. 10
2600
173. 0
9 . 7
0. 21
14
3
9 . 7
3. 4
0. 10
2700
180. 4
10. 1
0. 21
13
3
10. 1
3. 5
0. 11
2800
187.9
10. 5
0. 20
13
3
10. 5
3. 7
0. 11
2900
195. 5
11. 0
0. 19
13
3
11. 0
3. 8
0. 11
3000
203. 2
11. 4
0. 18
13
4
11. 4
4. 0
0. 12
3100
211. 0
11. 8
0. 18
13
4
11. 8
4. 1
0. 12
3200
218. 8
12. 2
0. 17
13
4
12. 2
4. 3
0. 13
3300
226. 8
12. 7
0. 17
12
4
12. 7
4. 5
0. 13
3400
234. 8
13. 1
0. 16
12
4
13. 1
4. 7
0. 14
3500
243. 0
13. 5
0. 16
12
4
13. 5
4. 8
0. 14
44
(U//FOUO)
(U//FOUO)
(U//FOUO)
UNCLASSIFIED//FOR OFFICIAL USE ONLY


==================================================
FIM DO TEXTO EXTRAÍDO
