=== TEXTO EXTRAÍDO DA PÁGINA 264 ===
PDF: BR-B-UUQ_Firing_Table_Part_1
==================================================

10
10
CHARGE
TABLE B
F T 155 AR 1
7W
PART 1
COMPLEMENTARY RANGE
PROJ , HE , M79 5
L I NE NUMBER
FUZE , PD , M739 A1
CHANGE
I N RANGE ,
I N METERS
TO CORRECT FOR COMPLEMENTARY ANGLE OF S I TE
L I NE NUMBERS OF METEOROLOG I CAL MESSAGE
L I NE
RANGE
HE I GHT OF TARGET ABOVE GUN
METERS
NO.
METERS
400
300
200
100
0
100
200
300
11500
836
617
405
199
0
193
380
561
11400
853
630
413
203
0
197
387
572
11300
870
642
422
207
0
201
395
583
11200
889
656
430
212
0
205
403
595
11100
907
669
439
216
0
209
411
607
11000
926
683
448
220
0
213
419
619
10900
946
697
457
225
0
217
428
631
10800
966
712
466
229
0
222
436
643
10700
987
727
476
234
0
226
445
656
10600
1008
742
486
239
0
231
454
669
10500
1030
758
496
244
0
235
463
682
10400
1054
775
507
249
0
240
472
696
10300
1078
792
518
254
0
245
481
710
10200
1103
810
529
260
0
250
491
724
10100
1129
828
541
265
0
255
501
738
10000
1157
848
553
271
0
261
512
754
9900
1187
868
566
277
0
266
522
769
9800
1218
890
579
283
0
272
533
785
9700
1251
912
593
290
0
277
544
801
9600
1286
936
607
296
0
283
556
817
9500
1324
961
623
304
0
290
568
835
9400
1365
988
639
311
0
296
580
852
9300
1017
656
319
0
303
592
870
9200
1048
674
327
0
310
606
889
9100
1081
694
336
0
317
620
909
9000
715
345
0
325
634
929
8900
737
355
0
333
649
950
8800
761
365
0
341
665
972
8700
786
376
0
350
681
995
8600
388
0
360
698
1019
8500
401
0
370
716
1044
8400
415
0
380
735
1070
8300
0
391
755
1097
8200
0
403
776
1126
8100
0
415
798
1156
8000
0
428
821
1187
226
(U//FOUO)
(U//FOUO)
(U//FOUO)
UNCLASSIFIED//FOR OFFICIAL USE ONLY


==================================================
FIM DO TEXTO EXTRAÍDO
