=== TEXTO EXTRAÍDO DA PÁGINA 211 ===
PDF: BR-B-UUQ_Firing_Table_Part_1
==================================================

2
3
3
F T 155 AR 1
TABLE B
CHARGE
PART 1
6W
PROJ , HE , M79 5
COMPLEMENTARY RANGE
FUZE , PD , M739 A1
L I NE NUMBER
CHANGE
I N RANGE ,
I N METERS
TO CORRECT FOR COMPLEMENTARY ANGLE OF S I TE
L I NE NUMBERS OF METEOROLOG I CAL MESSAGE
HE I GHT OF TARGET ABOVE GUN
METERS
RANGE
L I NE
400
500
600
700
800
9 00
1000
METERS
NO.
0
0
100
4
6
8
10
12
14
200
6
8
11
13
16
19
22
300
7
10
13
17
20
24
28
400
8
12
16
20
24
28
33
500
9
13
17
22
26
31
37
600
10
14
18
23
29
35
40
700
10
15
20
25
31
37
43
800
11
16
21
26
33
39
46
900
12
16
22
28
34
41
49
1000
12
17
23
29
36
43
51
1100
13
18
24
30
37
45
53
1200
13
19
25
32
39
47
55
1300
14
19
26
33
40
49
57
1400
14
20
27
34
42
50
59
1500
15
21
27
35
43
52
61
1600
16
22
28
36
44
53
63
1700
16
22
29
37
46
55
64
1800
17
23
30
38
47
56
66
1900
17
24
31
39
48
58
68
2000
18
25
32
40
49
59
69
2100
18
25
33
41
50
60
71
2200
19
26
34
42
52
62
73
2300
20
27
35
43
53
63
74
2400
20
27
35
44
54
64
76
2500
21
28
36
45
55
66
77
2600
21
29
37
46
56
67
78
2700
22
30
38
47
57
68
80
2800
22
30
39
48
58
69
81
2900
23
31
40
49
60
71
82
3000
24
32
40
50
61
72
84
3100
24
32
41
51
62
73
85
3200
25
33
42
52
63
74
86
3300
25
34
43
53
64
75
88
3400
26
34
44
54
65
76
89
3500
173
(U//FOUO)
(U//FOUO)
(U//FOUO)
UNCLASSIFIED//FOR OFFICIAL USE ONLY


==================================================
FIM DO TEXTO EXTRAÍDO
