=== TEXTO EXTRAÍDO DA PÁGINA 212 ===
PDF: BR-B-UUQ_Firing_Table_Part_1
==================================================

0
1
2
2
3
CHARGE
TABLE B
F T 155 AR 1
6W
PART 1
COMPLEMENTARY RANGE
PROJ , HE , M79 5
L I NE NUMBER
FUZE , PD , M739 A1
CHANGE
I N RANGE ,
I N METERS
TO CORRECT FOR COMPLEMENTARY ANGLE OF S I TE
L I NE NUMBERS OF METEOROLOG I CAL MESSAGE
L I NE
RANGE
HE I GHT OF TARGET ABOVE GUN
METERS
NO.
METERS
400
300
200
100
0
100
200
300
3500
11
9
5
0
5
11
18
3600
12
9
5
0
5
11
18
3700
14
13
9
5
0
5
12
19
3800
15
13
10
6
0
5
12
19
3900
16
14
10
6
0
5
12
20
4000
17
14
10
6
0
6
12
20
4100
18
15
11
6
0
6
13
21
4200
18
15
11
6
0
6
13
21
4300
19
16
11
6
0
6
13
21
4400
20
16
12
7
0
6
14
22
4500
21
17
12
7
0
6
14
22
4600
21
17
12
7
0
6
14
23
4700
22
18
13
7
0
7
15
23
4800
23
18
13
7
0
7
15
24
4900
24
19
14
7
0
7
15
24
5000
24
19
14
8
0
7
16
25
5100
25
20
14
8
0
7
16
25
5200
26
21
15
8
0
8
16
26
5300
27
21
15
8
0
8
17
27
5400
27
22
15
8
0
8
17
27
5500
28
22
16
9
0
8
18
28
5600
29
23
16
9
0
8
18
28
5700
30
24
17
9
0
9
18
29
5800
31
24
17
9
0
9
19
30
5900
32
25
18
9
0
9
19
30
6000
33
26
18
10
0
9
20
31
6100
33
26
18
10
0
9
20
32
6200
34
27
19
10
0
10
21
32
6300
35
28
19
10
0
10
21
33
6400
36
28
20
11
0
10
22
34
6500
37
29
20
11
0
10
22
34
6600
38
30
21
11
0
11
23
35
6700
39
31
21
11
0
11
23
36
6800
40
31
22
12
0
11
24
37
6900
42
32
22
12
0
12
24
38
7000
43
33
23
12
0
12
25
39
174
(U//FOUO)
(U//FOUO)
(U//FOUO)
UNCLASSIFIED//FOR OFFICIAL USE ONLY


==================================================
FIM DO TEXTO EXTRAÍDO
