=== TEXTO EXTRAÍDO DA PÁGINA 83 ===
PDF: BR-B-UUQ_Firing_Table_Part_1
==================================================

F T 155 AR 1
TABLE F
CHARGE
PART 1
4G
PROJ , HE , M79 5
CORRECT ION FACTORS
FUZE , PD , M739 A1
1
10
11
12
13
14
15
16
17
18
19
R
RANGE CORRECT IONS FOR
A
N
MUZZLE
RANGE
A IR
A IR
PROJ WT
G
VELOC I TY
WI ND
TEMP
DENS I TY
OF 1 SQ
E
1 M / S
1 KNOT
1 PCT
1 PCT
( 4 SQ STD)
DEC
I NC
HEAD
TA I L
DEC
I NC
DEC
I NC
DEC
I NC
M
M
M
M
M
M
M
M
M
M
M
0
0. 0
0. 0
0. 0
0. 0
0. 0
0. 0
0. 0
0. 0
0
0
100
0. 7
0 . 6
0. 0
0. 0
0. 0
0. 0
0. 0
0. 0
1
1
200
1. 4
1 . 3
0. 0
0. 0
0. 1
0. 0
0. 0
0. 0
2
2
300
2. 2
1 . 9
0. 0
0. 0
0. 1
0 . 1
0. 0
0. 0
3
3
400
2.9
2 . 6
0. 1
0 . 1
0. 1
0 . 1
0. 0
0. 0
4
4
500
3. 6
3 . 2
0. 1
0 . 1
0. 2
0 . 1
0 . 1
0. 1
5
5
600
4. 3
3 . 8
0. 1
0 . 1
0. 2
0 . 1
0 . 1
0. 1
6
6
700
5. 0
4 . 5
0. 2
0 . 1
0. 2
0 . 1
0 . 1
0. 1
7
7
800
5. 6
5 . 1
0. 2
0 . 1
0. 3
0 . 2
0 . 2
0. 2
8
8
900
6. 3
5 . 7
0. 2
0 . 2
0. 3
0 . 2
0 . 2
0. 2
9
9
1000
7. 0
6 . 3
0. 3
0 . 2
0. 4
0 . 2
0 . 3
0. 3
10
10
1100
7. 7
6 . 9
0. 3
0 . 2
0. 4
0 . 2
0 . 3
0. 3
10
11
1200
8. 4
7 . 5
0. 4
0 . 2
0. 5
0 . 2
0 . 4
0. 4
11
12
1300
9 . 0
8 . 1
0. 4
0 . 3
0. 5
0 . 3
0 . 4
0. 5
12
13
1400
9 . 7
8 . 7
0. 5
0 . 3
0. 5
0 . 3
0 . 5
0. 5
13
13
1500
10. 4
9 . 3
0. 5
0 . 3
0. 6
0 . 3
0 . 6
0. 6
14
14
1600
11. 0
9 . 9
0. 6
0 . 3
0. 6
0 . 3
0 . 7
0. 7
15
15
1700
11. 7
10 . 5
0. 6
0 . 4
0. 7
0 . 3
0 . 8
0. 8
16
16
1800
12. 3
11 . 1
0. 7
0 . 4
0. 7
0 . 4
0 . 8
0.9
16
17
1900
13. 0
11 . 7
0. 8
0 . 5
0. 8
0 . 4
0 . 9
0.9
17
18
2000
13. 6
12 . 2
0. 8
0 . 5
0. 8
0 . 4
1 . 0
1. 0
18
19
2100
14. 3
12 . 8
0.9
0 . 5
0.9
0 . 4
1 . 1
1. 1
19
19
2200
14.9
13 . 4
0.9
0 . 6
0.9
0 . 4
1 . 2
1. 3
20
20
2300
15. 6
14 . 0
1. 0
0 . 6
1. 0
0 . 4
1 . 4
1. 4
20
21
2400
16. 2
14 . 5
1. 1
0 . 7
1. 0
0 . 4
1 . 5
1. 5
21
22
2500
16. 8
15 . 1
1. 2
0 . 7
1. 1
0 . 5
1 . 6
1. 6
22
23
2600
17. 5
15 . 7
1. 2
0 . 7
1. 1
0 . 5
1 . 7
1. 7
23
23
2700
18. 1
16 . 2
1. 3
0 . 8
1. 1
0 . 5
1 . 9
1.9
23
24
2800
18. 7
16 . 8
1. 4
0 . 8
1. 2
0 . 5
2 . 0
2. 0
24
25
2900
19 . 3
17 . 4
1. 4
0 . 9
1. 2
0 . 5
2 . 1
2. 2
25
26
3000
20. 0
17 . 9
1. 5
0 . 9
1. 2
0 . 5
2 . 3
2. 3
25
26
3100
20. 6
18 . 5
1. 6
1 . 0
1. 3
0 . 5
2 . 4
2. 5
26
27
3200
21. 2
19 . 0
1. 7
1 . 0
1. 3
0 . 5
2 . 6
2. 6
27
28
3300
21. 8
19 . 6
1. 7
1 . 1
1. 3
0 . 5
2 . 7
2. 8
28
29
3400
22. 4
20 . 1
1. 8
1 . 1
1. 4
0 . 5
2 . 9
2.9
28
29
3500
23. 1
20 . 7
1.9
1 . 2
1. 4
0 . 5
3 . 1
3. 1
29
30
45
(U//FOUO)
(U//FOUO)
(U//FOUO)
UNCLASSIFIED//FOR OFFICIAL USE ONLY


==================================================
FIM DO TEXTO EXTRAÍDO
