=== TEXTO EXTRAÍDO DA PÁGINA 191 ===
PDF: BR-B-UUQ_Firing_Table_Part_1
==================================================

F T 155 AR 1
TABLE F
CHARGE
PART 1
5W
PROJ , HE , M79 5
CORRECT ION FACTORS
FUZE , PD , M739 A1
1
10
11
12
13
14
15
16
17
18
19
R
RANGE CORRECT IONS FOR
A
N
MUZZLE
RANGE
A IR
A IR
PROJ WT
G
VELOC I TY
WI ND
TEMP
DENS I TY
OF 1 SQ
E
1 M / S
1 KNOT
1 PCT
1 PCT
( 4 SQ STD)
DEC
I NC
HEAD
TA I L
DEC
I NC
DEC
I NC
DEC
I NC
M
M
M
M
M
M
M
M
M
M
M
9500
26. 6
25 . 4
12 . 7
22. 8
21 . 2
28 . 0
27. 2
14
17
9400
26. 5
25 . 2
12 . 5
22. 4
20 . 9
27 . 7
27. 0
14
17
9300
26. 3
25 . 0
12 . 3
22. 0
20 . 6
27 . 4
26.9
14
16
9200
26. 1
24 . 7
12 . 2
21. 7
20 . 3
27 . 2
26. 6
14
16
9100
25. 8
24 . 5
14.9
12 . 0
21. 4
20 . 1
26 . 9
26. 4
14
16
9000
25. 6
24 . 3
14. 8
11 . 9
21. 1
19 . 8
26 . 6
26. 1
13
16
8900
25. 4
24 . 0
14. 7
11 . 7
20. 8
19 . 6
26 . 3
25.9
13
15
8800
25. 1
23 . 8
14. 5
11 . 5
20. 5
19 . 3
25 . 9
25. 6
13
15
8700
24.9
23 . 5
14. 4
11 . 4
20. 2
19 . 1
25 . 6
25. 3
13
15
8600
24. 7
23 . 3
14. 2
11 . 2
20. 0
18 . 8
25 . 3
25. 0
13
15
8500
24. 4
23 . 0
14. 1
11 . 0
19 . 7
18 . 6
25 . 0
24. 8
12
15
8400
24. 1
22 . 8
14. 0
10 . 8
19 . 5
18 . 4
24 . 7
24. 5
12
14
8300
23.9
22 . 5
13. 8
10 . 7
19 . 2
18 . 2
24 . 4
24. 2
12
14
8200
23. 6
22 . 3
13. 7
10 . 5
19 . 0
17 . 9
24 . 0
23.9
12
14
8100
23. 4
22 . 0
13. 5
10 . 3
18. 7
17 . 7
23 . 7
23. 6
11
14
8000
23. 1
21 . 8
13. 4
10 . 1
18. 5
17 . 5
23 . 4
23. 3
11
13
7900
22. 8
21 . 5
13. 2
9 . 8
18. 2
17 . 3
23 . 0
22.9
11
13
7800
22. 6
21 . 2
13. 1
9 . 6
18. 0
17 . 1
22 . 7
22. 6
11
13
7700
22. 3
21 . 0
13. 0
9 . 4
17. 8
16 . 9
22 . 4
22. 3
10
13
7600
22. 0
20 . 7
12. 8
9 . 1
17. 5
16 . 7
22 . 0
22. 0
10
13
7500
21. 7
20 . 4
12. 7
8 . 9
17. 3
16 . 4
21 . 7
21. 7
10
12
7400
21. 5
20 . 2
12. 5
8 . 6
17. 1
16 . 2
21 . 3
21. 3
10
12
7300
21. 2
19 . 9
12. 4
8 . 3
16.9
16 . 0
21 . 0
21. 0
9
12
7200
20.9
19 . 6
12. 2
8 . 0
16. 7
15 . 9
20 . 6
20. 7
9
11
7100
20. 6
19 . 3
12. 0
7 . 6
16. 5
15 . 7
20 . 3
20. 3
9
11
7000
20. 3
19 . 1
11.9
7 . 3
16. 3
15 . 5
19 . 9
20. 0
8
11
6900
20. 0
18 . 8
11. 7
16. 1
15 . 3
19 . 5
19 . 7
8
11
6800
19 . 7
18 . 5
11. 6
15.9
15 . 1
19 . 1
19 . 3
8
10
6700
19 . 5
18 . 2
11. 4
15. 7
14 . 9
18 . 8
19 . 0
7
10
6600
19 . 2
17 . 9
11. 2
15. 5
14 . 7
18 . 4
18. 6
7
9
6500
18.9
17 . 6
11. 0
15. 3
14 . 6
18 . 0
18. 3
6
9
6400
18. 6
17 . 3
10. 8
15. 1
14 . 4
17 . 6
17.9
6
9
6300
18. 3
17 . 1
10. 7
14.9
14 . 2
17 . 2
17. 5
5
8
6200
18. 0
16 . 8
10. 5
14. 8
14 . 1
16 . 8
17. 2
5
8
6100
17. 7
16 . 5
10. 2
14. 6
13 . 9
16 . 3
16. 8
4
7
6000
17. 3
16 . 2
10. 0
14. 4
13 . 8
15 . 9
16. 4
4
7
153
(U//FOUO)
(U//FOUO)
(U//FOUO)
UNCLASSIFIED//FOR OFFICIAL USE ONLY


==================================================
FIM DO TEXTO EXTRAÍDO
