=== TEXTO EXTRAÍDO DA PÁGINA 305 ===
PDF: BR-B-UUQ_Firing_Table_Part_1
==================================================

2
3
3
F T 155 AR 1
TABLE B
CHARGE
PART 1
7R
PROJ , HE , M79 5
COMPLEMENTARY RANGE
FUZE , PD , M739 A1
L I NE NUMBER
CHANGE
I N RANGE ,
I N METERS
TO CORRECT FOR COMPLEMENTARY ANGLE OF S I TE
L I NE NUMBERS OF METEOROLOG I CAL MESSAGE
HE I GHT OF TARGET ABOVE GUN
METERS
RANGE
L I NE
400
500
600
700
800
9 00
1000
METERS
NO.
12
16
21
27
34
40
48
3500
12
16
21
27
34
41
48
3600
12
16
22
27
34
41
49
3700
12
17
22
28
34
41
49
3800
12
17
22
28
34
41
49
3900
12
17
22
28
35
42
49
4000
12
17
22
28
35
42
50
4100
12
17
22
28
35
42
50
4200
12
17
23
29
35
42
50
4300
12
17
23
29
35
43
50
4400
13
17
23
29
36
43
51
4500
13
18
23
29
36
43
51
4600
13
18
23
29
36
43
51
4700
13
18
23
29
36
43
51
4800
13
18
23
30
36
44
52
4900
13
18
23
30
36
44
52
5000
13
18
24
30
37
44
52
5100
13
18
24
30
37
44
52
5200
13
18
24
30
37
44
53
5300
13
18
24
30
37
45
53
5400
13
18
24
30
37
45
53
5500
13
19
24
31
37
45
53
5600
14
19
24
31
38
45
53
5700
14
19
24
31
38
45
54
5800
14
19
25
31
38
46
54
5900
14
19
25
31
38
46
54
6000
14
19
25
31
38
46
54
6100
14
19
25
31
38
46
54
6200
14
19
25
32
39
46
55
6300
14
19
25
32
39
47
55
6400
14
19
25
32
39
47
55
6500
14
20
25
32
39
47
55
6600
14
20
26
32
39
47
56
6700
14
20
26
32
40
47
56
6800
14
20
26
32
40
48
56
6900
15
20
26
33
40
48
56
7000
267
(U//FOUO)
(U//FOUO)
(U//FOUO)
UNCLASSIFIED//FOR OFFICIAL USE ONLY


==================================================
FIM DO TEXTO EXTRAÍDO
