=== TEXTO EXTRAÍDO DA PÁGINA 327 ===
PDF: BR-B-UUQ_Firing_Table_Part_1
==================================================

F T 155 AR 1
TABLE F
CHARGE
PART 1
7R
PROJ , HE , M79 5
CORRECT ION FACTORS
FUZE , PD , M739 A1
1
10
11
12
13
14
15
16
17
18
19
R
RANGE CORRECT IONS FOR
A
N
MUZZLE
RANGE
A IR
A IR
PROJ WT
G
VELOC I TY
WI ND
TEMP
DENS I TY
OF 1 SQ
E
1 M / S
1 KNOT
1 PCT
1 PCT
( 4 SQ STD)
DEC
I NC
HEAD
TA I L
DEC
I NC
DEC
I NC
DEC
I NC
M
M
M
M
M
M
M
M
M
M
M
10500
21. 1
20 . 8
7. 6
6 . 6
7 . 5
4. 3
44 . 1
43. 7
1
1
10600
21. 3
20 . 9
7. 8
6 . 7
7 . 4
4. 2
44 . 7
44. 3
2
0
10700
21. 4
21 . 0
8. 0
6 . 9
7 . 3
4. 0
45 . 3
44. 8
2
0
10800
21. 5
21 . 1
8. 2
7 . 0
7 . 2
3. 8
45 . 9
45. 3
3
0
10900
21. 6
21 . 2
8. 4
7 . 2
7 . 1
3. 6
46 . 5
45. 8
3
1
11000
21. 7
21 . 3
8. 5
7 . 3
6 . 9
3. 4
47 . 1
46. 3
3
1
11100
21. 8
21 . 4
8. 7
7 . 5
6 . 8
3. 2
47 . 7
46. 8
4
1
11200
21.9
21 . 6
8.9
7 . 6
6 . 6
3. 0
48 . 3
47. 3
4
2
11300
22. 0
21 . 7
9 . 1
7 . 8
6 . 5
2. 8
48 . 9
47. 8
4
2
11400
22. 1
21 . 8
9 . 3
7 . 9
6 . 3
2. 5
49 . 5
48. 3
5
2
11500
22. 2
21 . 9
9 . 5
8 . 1
6 . 1
2. 3
50 . 0
48. 8
5
3
11600
22. 3
22 . 0
9 . 7
8 . 3
5 . 9
2. 1
50 . 6
49 . 3
5
3
11700
22. 4
22 . 1
9 .9
8 . 4
5 . 7
1. 8
51 . 2
49 . 8
6
3
11800
22. 5
22 . 2
10. 1
8 . 6
5 . 5
1. 6
51 . 8
50. 3
6
4
11900
22. 6
22 . 3
10. 3
8 . 7
5 . 3
1. 3
52 . 3
50. 8
6
4
12000
22. 7
22 . 4
10. 6
8 . 9
5 . 0
1. 0
52 . 9
51. 2
7
4
12100
22. 8
22 . 5
10. 8
9 . 1
4 . 8
0. 8
53 . 4
51. 7
7
4
12200
22.9
22 . 6
11. 0
9 . 2
4 . 5
0. 5
54 . 0
52. 2
7
5
12300
23. 0
22 . 7
11. 2
9 . 4
4 . 3
0. 2
54 . 5
52. 7
7
5
12400
23. 1
22 . 8
11. 4
9 . 6
4 . 0
0 . 1
55 . 1
53. 1
8
5
12500
23. 2
22 . 9
11. 6
9 . 8
3 . 7
0 . 4
55 . 6
53. 6
8
6
12600
23. 3
23 . 0
11.9
9 . 9
3 . 4
0 . 7
56 . 1
54. 1
8
6
12700
23. 4
23 . 1
12. 1
10 . 1
3 . 1
1 . 0
56 . 7
54. 6
9
6
12800
23. 5
23 . 2
12. 3
10 . 3
2 . 8
1 . 3
57 . 2
55. 0
9
6
12900
23. 6
23 . 3
12. 6
10 . 5
2 . 5
1 . 6
57 . 7
55. 5
9
7
13000
23. 7
23 . 4
12. 8
10 . 6
2 . 2
1 . 9
58 . 3
56. 0
10
7
13100
23. 8
23 . 5
13. 0
10 . 8
1 . 8
2 . 2
58 . 8
56. 4
10
7
13200
23.9
23 . 5
13. 3
11 . 0
1 . 5
2 . 5
59 . 3
56.9
10
8
13300
24. 0
23 . 6
13. 5
11 . 2
1 . 1
2 . 9
59 . 8
57. 4
11
8
13400
24. 1
23 . 7
13. 8
11 . 4
0 . 8
3 . 2
60 . 3
57. 8
11
8
13500
24. 2
23 . 8
14. 0
11 . 5
0 . 4
3 . 5
60 . 8
58. 3
11
8
13600
24. 3
23 . 9
14. 3
11 . 7
0. 0
3 . 9
61 . 3
58. 8
12
9
13700
24. 4
24 . 0
14. 5
11 . 9
0. 3
4 . 2
61 . 8
59 . 2
12
9
13800
24. 5
24 . 1
14. 8
12 . 1
0. 7
4 . 6
62 . 3
59 . 7
12
9
13900
24. 6
24 . 2
15. 1
12 . 3
1. 1
4 . 9
62 . 8
60. 1
12
9
14000
24. 7
24 . 3
15. 3
12 . 5
1. 6
5 . 3
63 . 3
60. 6
13
10
289
(U//FOUO)
(U//FOUO)
(U//FOUO)
UNCLASSIFIED//FOR OFFICIAL USE ONLY


==================================================
FIM DO TEXTO EXTRAÍDO
