=== TEXTO EXTRAÍDO DA PÁGINA 325 ===
PDF: BR-B-UUQ_Firing_Table_Part_1
==================================================

F T 155 AR 1
TABLE F
CHARGE
PART 1
7R
PROJ , HE , M79 5
CORRECT ION FACTORS
FUZE , PD , M739 A1
1
10
11
12
13
14
15
16
17
18
19
R
RANGE CORRECT IONS FOR
A
N
MUZZLE
RANGE
A IR
A IR
PROJ WT
G
VELOC I TY
WI ND
TEMP
DENS I TY
OF 1 SQ
E
1 M / S
1 KNOT
1 PCT
1 PCT
( 4 SQ STD)
DEC
I NC
HEAD
TA I L
DEC
I NC
DEC
I NC
DEC
I NC
M
M
M
M
M
M
M
M
M
M
M
7000
16. 4
15 . 9
2.9
2 . 7
5 . 2
4. 7
21 . 8
23. 0
11
13
7100
16. 5
16 . 0
3. 0
2 . 7
5 . 3
4. 8
22 . 4
23. 6
11
12
7200
16. 7
16 . 2
3. 1
2 . 8
5 . 5
5. 0
23 . 0
24. 2
11
12
7300
16. 8
16 . 4
3. 2
2 . 9
5 . 6
5. 1
23 . 6
24.9
10
12
7400
17. 0
16 . 5
3. 3
3 . 0
5 . 8
5. 2
24 . 2
25. 5
10
12
7500
17. 2
16 . 7
3. 4
3 . 1
5 . 9
5. 3
24 . 9
26. 1
10
11
7600
17. 3
16 . 8
3. 5
3 . 2
6 . 0
5. 4
25 . 5
26. 8
9
11
7700
17. 5
17 . 0
3. 6
3 . 3
6 . 2
5. 5
26 . 1
27. 4
9
11
7800
17. 6
17 . 2
3. 7
3 . 4
6 . 3
5. 5
26 . 7
28. 1
9
10
7900
17. 8
17 . 3
3. 8
3 . 5
6 . 5
5. 6
27 . 4
28. 7
8
10
8000
17.9
17 . 5
4. 0
3 . 6
6 . 6
5. 7
28 . 0
29 . 3
8
10
8100
18. 1
17 . 6
4. 1
3 . 7
6 . 7
5. 7
28 . 6
29 .9
8
9
8200
18. 2
17 . 8
4. 2
3 . 8
6 . 9
5. 8
29 . 3
30. 6
7
9
8300
18. 4
17 . 9
4. 3
3 . 9
7 . 0
5. 8
30 . 0
31. 2
7
9
8400
18. 5
18 . 0
4. 4
4 . 0
7 . 1
5.9
30 . 6
31. 8
6
8
8500
18. 7
18 . 2
4. 6
4 . 1
7 . 2
5.9
31 . 3
32. 4
6
8
8600
18. 8
18 . 3
4. 7
4 . 2
7 . 3
5.9
31 . 9
33. 0
6
7
8700
18.9
18 . 5
4. 8
4 . 3
7 . 4
5.9
32 . 6
33. 6
5
7
8800
19 . 1
18 . 6
5. 0
4 . 4
7 . 5
5.9
33 . 2
34. 2
5
7
8900
19 . 2
18 . 7
5. 1
4 . 5
7 . 6
5.9
33 . 9
34. 8
5
6
9000
19 . 3
18 . 9
5. 2
4 . 6
7 . 7
5. 8
34 . 5
35. 4
4
6
9100
19 . 5
19 . 0
5. 4
4 . 7
7 . 7
5. 8
35 . 2
36. 0
4
6
9200
19 . 6
19 . 1
5. 5
4 . 9
7 . 8
5. 8
35 . 9
36. 6
3
5
9300
19 . 7
19 . 3
5. 7
5 . 0
7 . 8
5. 7
36 . 5
37. 1
3
5
9400
19 .9
19 . 4
5. 8
5 . 1
7 . 9
5. 6
37 . 2
37. 7
3
5
9500
20. 0
19 . 5
6. 0
5 . 2
7 . 9
5. 6
37 . 8
38. 3
2
4
9600
20. 1
19 . 7
6. 1
5 . 4
7 . 9
5. 5
38 . 5
38.9
2
4
9700
20. 2
19 . 8
6. 3
5 . 5
7 . 9
5. 4
39 . 1
39 . 4
1
4
9800
20. 3
19 . 9
6. 4
5 . 6
7 . 9
5. 3
39 . 7
40. 0
1
3
9900
20. 5
20 . 0
6. 6
5 . 7
7 . 9
5. 2
40 . 4
40. 5
1
3
10000
20. 6
20 . 2
6. 8
5 . 9
7 . 8
5. 0
41 . 0
41. 1
0
2
10100
20. 7
20 . 3
6.9
6 . 0
7 . 8
4.9
41 . 6
41. 6
0
2
10200
20. 8
20 . 4
7. 1
6 . 2
7 . 7
4. 8
42 . 3
42. 1
0
2
10300
20.9
20 . 5
7. 3
6 . 3
7 . 7
4. 6
42 . 9
42. 7
1
1
10400
21. 0
20 . 6
7. 4
6 . 4
7 . 6
4. 5
43 . 5
43. 2
1
1
10500
21. 1
20 . 8
7. 6
6 . 6
7 . 5
4. 3
44 . 1
43. 7
1
1
287
(U//FOUO)
(U//FOUO)
(U//FOUO)
UNCLASSIFIED//FOR OFFICIAL USE ONLY


==================================================
FIM DO TEXTO EXTRAÍDO
