=== TEXTO EXTRAÍDO DA PÁGINA 278 ===
PDF: BR-B-UUQ_Firing_Table_Part_1
==================================================

CHARGE
TABLE F
F T 155 AR 1
7W
PART 1
BAS I C DATA
PROJ , HE , M79 5
FUZE , PD , M739 A1
1
2
3
4
5
6
7
8
9
R
E
FS FOR
DFS
DR
F
T IME
AZ IMUTH
A
L
GRAZE
PER
PER
O
OF
CORRECT IONS
N
E
BURST
10 M
1 M I L
R
FL I GHT
G
V
DEC
D ELEV
K
DR I F T
CW
E
FUZE
HOB
( CORR
OF
M582
TO L )
1 KNOT
M
M I L
M
M I L
SEC
M I L
M I L
14000
656. 2
50. 8
0. 04
6
17
50. 8
22. 1
0. 70
14100
672. 4
51. 8
0. 04
6
19
51. 8
22.9
0. 71
14200
690. 7
53. 0
0. 04
5
22
53. 0
23. 8
0. 72
14300
712. 3
54. 3
0. 04
4
28
54. 3
25. 0
0. 73
14400
740. 7
56. 1
0. 04
56. 1
26. 6
0. 74
**********************************************************************
14400
857.9
62.9
0. 04
62.9
34. 4
0. 87
14300
885. 4
64. 4
0. 04
4
30
64. 4
36. 6
0. 89
14200
905.9
65. 4
0. 04
5
23
65. 4
38. 4
0.91
14100
922.9
66. 3
0. 04
6
20
66. 3
39 .9
0.92
14000
937. 8
67. 1
0. 03
7
17
67. 1
41. 4
0.94
13900
951. 2
67. 8
0. 03
8
16
67. 8
42. 7
0.95
13800
963. 5
68. 4
0. 03
8
14
68. 4
44. 0
0.97
13700
974.9
68.9
0. 03
9
13
68.9
45. 3
0.98
13600
985. 6
69 . 5
0. 03
10
12
69 . 5
46. 5
1. 00
13500
995. 6
69 .9
0. 03
10
12
69 .9
47. 7
1. 01
13400
1005. 2
70. 4
0. 03
11
11
70. 4
48.9
1. 02
13300
1014. 3
70. 8
0. 03
11
10
70. 8
50. 0
1. 04
13200
1023. 0
71. 2
0. 03
12
10
71. 2
51. 2
1. 05
13100
1031. 4
71. 6
0. 03
12
9
71. 6
52. 3
1. 07
13000
1039 . 5
72. 0
0. 03
13
9
72. 0
53. 5
1. 08
12900
1047. 2
72. 3
0. 03
13
9
72. 3
54. 6
1. 09
12800
1054. 8
72. 7
0. 03
13
8
72. 7
55. 8
1. 11
12700
1062. 1
73. 0
0. 03
14
8
73. 0
56.9
1. 12
12600
1069 . 2
73. 3
0. 03
14
8
73. 3
58. 1
1. 13
12500
1076. 1
73. 6
0. 03
15
8
73. 6
59 . 2
1. 15
12400
1082. 8
73.9
0. 03
15
7
73.9
60. 4
1. 16
12300
1089 . 4
74. 2
0. 03
15
7
74. 2
61. 6
1. 18
12200
1095. 8
74. 4
0. 03
16
7
74. 4
62. 8
1. 19
12100
1102. 1
74. 7
0. 03
16
7
74. 7
64. 0
1. 21
12000
1108. 2
75. 0
0. 03
17
6
75. 0
65. 2
1. 22
11900
1114. 2
75. 2
0. 03
17
6
75. 2
66. 4
1. 24
11800
1120. 1
75. 4
0. 03
17
6
75. 4
67. 6
1. 25
11700
1125. 8
75. 7
0. 03
18
6
75. 7
68.9
1. 27
11600
1131. 5
75.9
0. 03
18
6
75.9
70. 2
1. 29
11500
1137. 0
76. 1
0. 03
18
6
76. 1
71. 5
1. 30
240
(U//FOUO)
(U//FOUO)
(U//FOUO)
UNCLASSIFIED//FOR OFFICIAL USE ONLY


==================================================
FIM DO TEXTO EXTRAÍDO
