=== TEXTO EXTRAÍDO DA PÁGINA 110 ===
PDF: BR-B-UUQ_Firing_Table_Part_1
==================================================

7
7
CHARGE
TABLE B
F T 155 AR 1
5G
PART 1
COMPLEMENTARY RANGE
PROJ , HE , M79 5
L I NE NUMBER
FUZE , PD , M739 A1
CHANGE
I N RANGE ,
I N METERS
TO CORRECT FOR COMPLEMENTARY ANGLE OF S I TE
L I NE NUMBERS OF METEOROLOG I CAL MESSAGE
L I NE
RANGE
HE I GHT OF TARGET ABOVE GUN
METERS
NO.
METERS
400
300
200
100
0
100
200
300
7500
761
559
365
178
0
170
332
486
7400
783
575
375
184
0
175
342
501
7300
805
591
386
189
0
180
353
516
7200
828
608
397
194
0
186
363
531
7100
852
626
408
200
0
191
373
547
7000
877
644
420
206
0
197
384
563
6900
903
662
432
211
0
202
395
579
6800
930
682
445
218
0
208
406
596
6700
958
702
458
224
0
214
418
613
6600
988
723
471
230
0
220
430
630
6500
1020
746
485
237
0
226
442
648
6400
1054
769
500
244
0
233
455
666
6300
1090
794
516
251
0
239
468
685
6200
1130
821
532
259
0
246
481
705
6100
1173
849
549
267
0
254
495
725
6000
1220
880
568
276
0
261
510
746
5900
1274
914
588
285
0
269
525
768
5800
951
610
295
0
278
541
790
5700
993
633
305
0
286
557
814
5600
659
316
0
296
575
839
5500
687
329
0
306
593
865
5400
719
342
0
316
612
892
5300
356
0
327
633
921
5200
373
0
339
655
951
5100
391
0
352
678
983
5000
0
366
703
1017
4900
0
381
729
1053
4800
0
397
758
1091
4700
0
415
788
1132
4600
435
821
1175
4500
4400
72
(U//FOUO)
(U//FOUO)
(U//FOUO)
UNCLASSIFIED//FOR OFFICIAL USE ONLY


==================================================
FIM DO TEXTO EXTRAÍDO
