=== TEXTO EXTRAÍDO DA PÁGINA 231 ===
PDF: BR-B-UUQ_Firing_Table_Part_1
==================================================

F T 155 AR 1
TABLE F
CHARGE
PART 1
6W
PROJ , HE , M79 5
CORRECT ION FACTORS
FUZE , PD , M739 A1
1
10
11
12
13
14
15
16
17
18
19
R
RANGE CORRECT IONS FOR
A
N
MUZZLE
RANGE
A IR
A IR
PROJ WT
G
VELOC I TY
WI ND
TEMP
DENS I TY
OF 1 SQ
E
1 M / S
1 KNOT
1 PCT
1 PCT
( 4 SQ STD)
DEC
I NC
HEAD
TA I L
DEC
I NC
DEC
I NC
DEC
I NC
M
M
M
M
M
M
M
M
M
M
M
10500
24. 2
23 . 5
16. 0
13 . 3
21. 1
21 . 3
31 . 8
32. 3
14
16
10600
24. 4
23 . 7
16. 3
13 . 5
21. 3
21 . 5
32 . 3
32. 8
13
16
10700
24. 6
23 . 8
16. 5
13 . 7
21. 5
21 . 7
32 . 8
33. 4
13
16
10800
24. 8
24 . 0
16. 8
13 . 9
21. 7
21 . 9
33 . 3
34. 0
13
16
10900
24.9
24 . 1
17. 1
14 . 0
21.9
22 . 1
33 . 8
34. 7
13
15
11000
25. 1
24 . 3
14 . 2
22. 1
22 . 3
34 . 3
35. 4
13
15
11100
25. 4
24 . 5
14 . 4
22. 2
22 . 5
34 . 9
36. 2
13
15
11200
25. 6
24 . 6
14 . 6
22. 3
22 . 7
35 . 4
36.9
13
15
11300
25.9
24 . 8
14 . 8
22. 4
22 . 8
36 . 0
37. 7
12
14
11400
26. 1
25 . 0
15 . 0
22. 3
22 . 9
36 . 5
38. 7
12
14
11500
26. 4
25 . 2
15 . 2
22. 0
22 . 9
37 . 1
12
14
11600
26. 8
25 . 4
15 . 4
21. 8
22 . 9
37 . 7
11
13
11700
25 . 6
15 . 6
22 . 9
38 . 3
11
13
11800
25 . 9
15 . 8
22 . 9
38 . 9
11
13
**********************************************************************
11800
26 . 7
16 . 6
21 . 2
43 . 5
10
12
11700
26 . 5
16 . 4
21 . 0
43 . 2
10
11
11600
26.9
26 . 4
16 . 3
20.9
20 . 7
42 . 9
9
11
11500
26. 8
26 . 2
16 . 2
20. 4
20 . 4
42 . 6
9
11
11400
26. 7
26 . 0
16 . 1
20. 1
20 . 2
42 . 3
40. 3
9
11
11300
26. 6
25 . 8
15 . 9
19 . 8
20 . 0
41 . 9
40. 3
9
10
11200
26. 4
25 . 6
15 . 8
19 . 5
19 . 7
41 . 6
40. 1
9
10
11100
26. 2
25 . 4
15 . 7
19 . 3
19 . 5
41 . 2
39 .9
9
10
11000
26. 1
25 . 2
15 . 6
19 . 0
19 . 3
40 . 9
39 . 7
8
10
10900
25.9
25 . 0
17. 7
15 . 4
18. 8
19 . 1
40 . 5
39 . 4
8
10
10800
25. 7
24 . 8
17. 7
15 . 3
18. 6
18 . 9
40 . 2
39 . 1
8
10
10700
25. 5
24 . 6
17. 6
15 . 1
18. 4
18 . 7
39 . 8
38. 8
8
10
10600
25. 3
24 . 4
17. 6
15 . 0
18. 2
18 . 5
39 . 4
38. 5
8
10
10500
25. 1
24 . 2
17. 5
14 . 9
18. 0
18 . 3
39 . 1
38. 2
7
10
10400
24.9
23 . 9
17. 4
14 . 7
17. 8
18 . 2
38 . 7
37.9
7
10
10300
24. 7
23 . 7
17. 3
14 . 6
17. 6
18 . 0
38 . 3
37. 6
7
9
10200
24. 5
23 . 5
17. 2
14 . 4
17. 4
17 . 8
38 . 0
37. 2
7
9
10100
24. 2
23 . 3
17. 1
14 . 2
17. 2
17 . 6
37 . 6
36.9
7
9
10000
24. 0
23 . 1
17. 0
14 . 1
17. 0
17 . 4
37 . 2
36. 5
7
9
19 3
(U//FOUO)
(U//FOUO)
(U//FOUO)
UNCLASSIFIED//FOR OFFICIAL USE ONLY


==================================================
FIM DO TEXTO EXTRAÍDO
