=== TEXTO EXTRAÍDO DA PÁGINA 272 ===
PDF: BR-B-UUQ_Firing_Table_Part_1
==================================================

CHARGE
TABLE F
F T 155 AR 1
7W
PART 1
BAS I C DATA
PROJ , HE , M79 5
FUZE , PD , M739 A1
1
2
3
4
5
6
7
8
9
R
E
FS FOR
DFS
DR
F
T IME
AZ IMUTH
A
L
GRAZE
PER
PER
O
OF
CORRECT IONS
N
E
BURST
10 M
1 M I L
R
FL I GHT
G
V
DEC
D ELEV
K
DR I F T
CW
E
FUZE
HOB
( CORR
OF
M582
TO L )
1 KNOT
M
M I L
M
M I L
SEC
M I L
M I L
3500
73. 5
7. 5
0. 28
38
1
7. 5
2. 0
0. 17
3600
76. 1
7. 8
0. 27
38
1
7. 8
2. 1
0. 17
3700
78. 8
8. 1
0. 26
37
1
8. 1
2. 1
0. 18
3800
81. 5
8. 3
0. 26
37
1
8. 3
2. 2
0. 18
3900
84. 2
8. 6
0. 25
36
1
8. 6
2. 3
0. 19
4000
86.9
8. 8
0. 24
36
1
8. 8
2. 4
0. 19
4100
89 . 7
9 . 1
0. 23
35
1
9 . 1
2. 5
0. 20
4200
92. 6
9 . 4
0. 23
35
1
9 . 4
2. 5
0. 20
4300
95. 5
9 . 6
0. 22
34
1
9 . 6
2. 6
0. 21
4400
98. 4
9 .9
0. 22
34
1
9 .9
2. 7
0. 22
4500
101. 4
10. 2
0. 21
34
1
10. 2
2. 8
0. 22
4600
104. 4
10. 5
0. 21
33
1
10. 5
2.9
0. 23
4700
107. 4
10. 8
0. 20
33
1
10. 8
3. 0
0. 23
4800
110. 5
11. 0
0. 19
32
1
11. 0
3. 0
0. 24
4900
113. 6
11. 3
0. 19
32
1
11. 3
3. 1
0. 24
5000
116. 8
11. 6
0. 19
31
1
11. 6
3. 2
0. 25
5100
120. 0
11.9
0. 18
31
1
11.9
3. 3
0. 26
5200
123. 3
12. 2
0. 18
30
2
12. 2
3. 4
0. 26
5300
126. 6
12. 5
0. 17
30
2
12. 5
3. 5
0. 27
5400
129 .9
12. 8
0. 17
30
2
12. 8
3. 6
0. 27
5500
133. 3
13. 1
0. 16
29
2
13. 1
3. 7
0. 28
5600
136. 7
13. 4
0. 16
29
2
13. 4
3. 8
0. 29
5700
140. 2
13. 7
0. 16
29
2
13. 7
3.9
0. 29
5800
143. 8
14. 0
0. 15
28
2
14. 0
4. 0
0. 30
5900
147. 3
14. 3
0. 15
28
2
14. 3
4. 1
0. 30
6000
150.9
14. 7
0. 15
27
2
14. 7
4. 2
0. 31
6100
154. 6
15. 0
0. 14
27
2
15. 0
4. 3
0. 31
6200
158. 3
15. 3
0. 14
27
2
15. 3
4. 4
0. 32
6300
162. 1
15. 6
0. 14
26
2
15. 6
4. 5
0. 33
6400
165.9
15.9
0. 13
26
2
15.9
4. 6
0. 33
6500
169 . 7
16. 3
0. 13
26
2
16. 3
4. 7
0. 34
6600
173. 6
16. 6
0. 13
26
2
16. 6
4. 8
0. 34
6700
177. 5
16.9
0. 13
25
2
16.9
5. 0
0. 35
6800
181. 5
17. 2
0. 12
25
2
17. 2
5. 1
0. 35
6900
185. 5
17. 6
0. 12
25
2
17. 6
5. 2
0. 36
7000
189 . 6
17.9
0. 12
24
2
17.9
5. 3
0. 36
234
(U//FOUO)
(U//FOUO)
(U//FOUO)
UNCLASSIFIED//FOR OFFICIAL USE ONLY


==================================================
FIM DO TEXTO EXTRAÍDO
