=== TEXTO EXTRAÍDO DA PÁGINA 149 ===
PDF: BR-B-UUQ_Firing_Table_Part_1
==================================================

F T 155 AR 1
TABLE F
CHARGE
PART 1
4W
PROJ , HE , M79 5
CORRECT ION FACTORS
FUZE , PD , M739 A1
1
10
11
12
13
14
15
16
17
18
19
R
RANGE CORRECT IONS FOR
A
N
MUZZLE
RANGE
A IR
A IR
PROJ WT
G
VELOC I TY
WI ND
TEMP
DENS I TY
OF 1 SQ
E
1 M / S
1 KNOT
1 PCT
1 PCT
( 4 SQ STD)
DEC
I NC
HEAD
TA I L
DEC
I NC
DEC
I NC
DEC
I NC
M
M
M
M
M
M
M
M
M
M
M
0
0. 0
0. 0
0. 0
0. 0
0. 0
0. 0
0. 0
0. 0
0
0
100
0. 6
0 . 6
0. 0
0. 0
0. 0
0. 0
0. 0
0. 0
1
1
200
1. 3
1 . 1
0. 0
0. 0
0. 1
0 . 1
0. 0
0. 0
2
2
300
1.9
1 . 7
0. 1
0 . 1
0. 1
0 . 1
0. 0
0. 0
2
3
400
2. 4
2 . 2
0. 1
0 . 1
0. 2
0 . 2
0 . 1
0. 1
3
3
500
3. 0
2 . 7
0. 1
0 . 1
0. 3
0 . 3
0 . 1
0. 1
4
4
600
3. 6
3 . 3
0. 2
0 . 1
0. 4
0 . 4
0 . 1
0. 1
5
5
700
4. 1
3 . 8
0. 2
0 . 2
0. 6
0 . 5
0 . 2
0. 2
5
6
800
4. 7
4 . 3
0. 3
0 . 2
0. 7
0 . 6
0 . 2
0. 2
6
6
900
5. 2
4 . 8
0. 4
0 . 3
0.9
0 . 7
0 . 3
0. 3
7
7
1000
5. 7
5 . 2
0. 4
0 . 3
1. 0
0 . 8
0 . 3
0. 3
7
8
1100
6. 2
5 . 7
0. 5
0 . 4
1. 2
0 . 9
0 . 4
0. 4
8
8
1200
6. 7
6 . 1
0. 6
0 . 4
1. 4
1 . 1
0 . 5
0. 5
8
9
1300
7. 2
6 . 6
0. 7
0 . 5
1. 6
1 . 2
0 . 6
0. 6
9
9
1400
7. 7
7 . 0
0. 8
0 . 5
1. 8
1 . 4
0 . 6
0. 6
10
10
1500
8. 2
7 . 4
0.9
0 . 6
2. 1
1 . 5
0 . 7
0. 7
10
11
1600
8. 7
7 . 9
1. 0
0 . 7
2. 3
1 . 7
0 . 8
0. 8
11
11
1700
9 . 2
8 . 3
1. 1
0 . 7
2. 6
1 . 8
0 . 9
0.9
11
12
1800
9 . 6
8 . 7
1. 3
0 . 8
2. 8
2 . 0
1 . 0
1. 0
12
12
1900
10. 1
9 . 1
1. 4
0 . 9
3. 1
2 . 1
1 . 1
1. 1
12
13
2000
10. 5
9 . 5
1. 5
0 . 9
3. 3
2 . 3
1 . 2
1. 2
13
13
2100
11. 0
9 . 9
1. 6
1 . 0
3. 6
2 . 5
1 . 3
1. 3
13
14
2200
11. 5
10 . 2
1. 8
1 . 1
3.9
2 . 6
1 . 4
1. 4
14
14
2300
11.9
10 . 6
1.9
1 . 2
4. 2
2 . 8
1 . 6
1. 5
14
15
2400
12. 4
11 . 0
2. 0
1 . 2
4. 5
2 . 9
1 . 7
1. 7
14
15
2500
12. 8
11 . 4
2. 2
1 . 3
4. 7
3 . 1
1 . 8
1. 8
15
16
2600
13. 3
11 . 8
2. 3
1 . 4
5. 0
3 . 2
1 . 9
1.9
15
16
2700
13. 7
12 . 1
2. 5
1 . 5
5. 3
3 . 4
2 . 1
2. 1
16
17
2800
14. 1
12 . 5
2. 6
1 . 6
5. 6
3 . 5
2 . 2
2. 2
16
17
2900
14. 6
12 . 9
2. 8
1 . 6
5.9
3 . 7
2 . 4
2. 4
17
17
3000
15. 0
13 . 2
2.9
1 . 7
6. 2
3 . 8
2 . 5
2. 5
17
18
3100
15. 5
13 . 6
3. 1
1 . 8
6. 4
4 . 0
2 . 7
2. 7
17
18
3200
15.9
14 . 0
3. 2
1 . 9
6. 7
4 . 1
2 . 8
2. 8
18
19
3300
16. 4
14 . 3
3. 4
2 . 0
7. 0
4 . 3
3 . 0
3. 0
18
19
3400
16. 8
14 . 7
3. 5
2 . 0
7. 3
4 . 4
3 . 1
3. 2
19
19
3500
17. 2
15 . 0
3. 7
2 . 1
7. 5
4 . 5
3 . 3
3. 3
19
20
111
(U//FOUO)
(U//FOUO)
(U//FOUO)
UNCLASSIFIED//FOR OFFICIAL USE ONLY


==================================================
FIM DO TEXTO EXTRAÍDO
