=== TEXTO EXTRAÍDO DA PÁGINA 225 ===
PDF: BR-B-UUQ_Firing_Table_Part_1
==================================================

F T 155 AR 1
TABLE F
CHARGE
PART 1
6W
PROJ , HE , M79 5
CORRECT ION FACTORS
FUZE , PD , M739 A1
1
10
11
12
13
14
15
16
17
18
19
R
RANGE CORRECT IONS FOR
A
N
MUZZLE
RANGE
A IR
A IR
PROJ WT
G
VELOC I TY
WI ND
TEMP
DENS I TY
OF 1 SQ
E
1 M / S
1 KNOT
1 PCT
1 PCT
( 4 SQ STD)
DEC
I NC
HEAD
TA I L
DEC
I NC
DEC
I NC
DEC
I NC
M
M
M
M
M
M
M
M
M
M
M
0
0. 0
0. 0
0. 0
0. 0
0. 0
0. 0
0. 0
0. 0
0
0
100
0. 5
0 . 4
0. 0
0. 0
0. 0
0. 0
0. 0
0. 0
1
1
200
0.9
0 . 9
0. 0
0. 0
0. 0
0. 0
0. 0
0. 0
2
2
300
1. 4
1 . 3
0. 0
0. 0
0. 0
0. 0
0. 0
0. 0
3
3
400
1. 8
1 . 7
0. 0
0. 0
0. 0
0. 0
0 . 1
0. 1
3
3
500
2. 2
2 . 1
0. 0
0. 0
0. 0
0. 0
0 . 1
0. 1
4
4
600
2. 7
2 . 5
0. 0
0. 0
0. 0
0. 0
0 . 2
0. 2
5
5
700
3. 1
2 . 9
0. 0
0. 0
0 . 1
0. 1
0 . 3
0. 3
6
6
800
3. 5
3 . 3
0. 1
0 . 1
0 . 1
0. 1
0 . 4
0. 4
6
7
900
3.9
3 . 7
0. 1
0 . 1
0 . 1
0. 1
0 . 5
0. 5
7
7
1000
4. 3
4 . 1
0. 1
0 . 1
0 . 1
0. 1
0 . 6
0. 6
8
8
1100
4. 7
4 . 5
0. 1
0 . 1
0 . 2
0. 1
0 . 7
0. 7
8
9
1200
5. 2
4 . 9
0. 1
0 . 1
0 . 2
0. 2
0 . 9
0.9
9
9
1300
5. 6
5 . 2
0. 2
0 . 2
0 . 2
0. 2
1 . 0
1. 1
10
10
1400
5.9
5 . 6
0. 2
0 . 2
0 . 3
0. 2
1 . 2
1. 2
10
10
1500
6. 3
6 . 0
0. 2
0 . 2
0 . 3
0. 2
1 . 4
1. 4
11
11
1600
6. 7
6 . 3
0. 2
0 . 2
0 . 3
0. 3
1 . 6
1. 6
11
12
1700
7. 1
6 . 7
0. 3
0 . 3
0 . 4
0. 3
1 . 8
1. 8
12
12
1800
7. 5
7 . 1
0. 3
0 . 3
0 . 4
0. 3
2 . 0
2. 0
12
13
1900
7. 8
7 . 4
0. 4
0 . 3
0 . 5
0. 4
2 . 2
2. 2
13
13
2000
8. 2
7 . 8
0. 4
0 . 4
0 . 5
0. 4
2 . 4
2. 5
13
14
2100
8. 6
8 . 1
0. 4
0 . 4
0 . 6
0. 4
2 . 6
2. 7
14
14
2200
8.9
8 . 5
0. 5
0 . 5
0 . 6
0. 5
2 . 9
3. 0
14
15
2300
9 . 3
8 . 8
0. 5
0 . 5
0 . 6
0. 5
3 . 2
3. 2
15
15
2400
9 . 6
9 . 1
0. 6
0 . 6
0 . 7
0. 5
3 . 4
3. 5
15
15
2500
10. 0
9 . 5
0. 6
0 . 6
0 . 7
0. 5
3 . 7
3. 8
15
16
2600
10. 3
9 . 8
0. 7
0 . 7
0 . 8
0. 5
4 . 0
4. 1
16
16
2700
10. 6
10 . 1
0. 8
0 . 8
0 . 8
0. 5
4 . 3
4. 4
16
17
2800
10.9
10 . 4
0. 8
0 . 8
0 . 9
0. 4
4 . 6
4. 7
16
17
2900
11. 2
10 . 7
0.9
0 . 9
0 . 9
0. 4
4 . 9
5. 0
17
17
3000
11. 5
11 . 0
1. 0
1 . 0
0 . 9
0. 3
5 . 2
5. 3
17
17
3100
11. 8
11 . 3
1. 1
1 . 1
0 . 9
0. 2
5 . 5
5. 6
17
18
3200
12. 1
11 . 6
1. 1
1 . 1
0 . 9
0. 2
5 . 8
5.9
17
18
3300
12. 4
11 . 9
1. 2
1 . 2
0 . 9
0. 1
6 . 2
6. 2
17
18
3400
12. 6
12 . 2
1. 3
1 . 3
0 . 9
0 . 1
6 . 5
6. 5
18
18
3500
12.9
12 . 4
1. 4
1 . 4
0 . 9
0 . 2
6 . 8
6. 8
18
19
187
(U//FOUO)
(U//FOUO)
(U//FOUO)
UNCLASSIFIED//FOR OFFICIAL USE ONLY


==================================================
FIM DO TEXTO EXTRAÍDO
