=== TEXTO EXTRAÍDO DA PÁGINA 326 ===
PDF: BR-B-UUQ_Firing_Table_Part_1
==================================================

CHARGE
TABLE F
F T 155 AR 1
7R
PART 1
BAS I C DATA
PROJ , HE , M79 5
FUZE , PD , M739 A1
1
2
3
4
5
6
7
8
9
R
E
FS FOR
DFS
DR
F
T IME
AZ IMUTH
A
L
GRAZE
PER
PER
O
OF
CORRECT IONS
N
E
BURST
10 M
1 M I L
R
FL I GHT
G
V
DEC
D ELEV
K
DR I F T
CW
E
FUZE
HOB
( CORR
OF
M582
TO L )
1 KNOT
M
M I L
M
M I L
SEC
M I L
M I L
10500
233. 4
25. 3
0. 09
25
5
25. 3
7. 5
0. 44
10600
237. 3
25. 7
0. 08
25
5
25. 7
7. 6
0. 45
10700
241. 3
26. 0
0. 08
25
5
26. 0
7. 7
0. 45
10800
245. 4
26. 4
0. 08
25
5
26. 4
7.9
0. 46
10900
249 . 4
26. 7
0. 08
24
5
26. 7
8. 0
0. 46
11000
253. 6
27. 1
0. 08
24
5
27. 1
8. 1
0. 47
11100
257. 7
27. 5
0. 08
24
5
27. 5
8. 3
0. 47
11200
261.9
27. 8
0. 08
24
5
27. 8
8. 4
0. 48
11300
266. 2
28. 2
0. 08
23
5
28. 2
8. 6
0. 48
11400
270. 5
28. 6
0. 08
23
5
28. 6
8. 7
0. 49
11500
274. 8
28.9
0. 07
23
6
28.9
8.9
0. 49
11600
279 . 2
29 . 3
0. 07
23
6
29 . 3
9 . 0
0. 49
11700
283. 7
29 . 7
0. 07
22
6
29 . 7
9 . 2
0. 50
11800
288. 2
30. 1
0. 07
22
6
30. 1
9 . 3
0. 50
11900
292. 7
30. 5
0. 07
22
6
30. 5
9 . 5
0. 51
12000
297. 3
30. 8
0. 07
22
6
30. 8
9 . 6
0. 51
12100
301.9
31. 2
0. 07
21
6
31. 2
9 . 8
0. 52
12200
306. 6
31. 6
0. 07
21
6
31. 6
9 .9
0. 52
12300
311. 3
32. 0
0. 07
21
6
32. 0
10. 1
0. 53
12400
316. 1
32. 4
0. 07
21
6
32. 4
10. 3
0. 53
12500
320.9
32. 8
0. 07
21
7
32. 8
10. 4
0. 53
12600
325. 8
33. 2
0. 07
20
7
33. 2
10. 6
0. 54
12700
330. 7
33. 6
0. 06
20
7
33. 6
10. 8
0. 54
12800
335. 7
34. 0
0. 06
20
7
34. 0
11. 0
0. 55
12900
340. 7
34. 4
0. 06
20
7
34. 4
11. 1
0. 55
13000
345. 8
34. 8
0. 06
20
7
34. 8
11. 3
0. 56
13100
351. 0
35. 2
0. 06
19
7
35. 2
11. 5
0. 56
13200
356. 2
35. 7
0. 06
19
7
35. 7
11. 7
0. 56
13300
361. 5
36. 1
0. 06
19
8
36. 1
11.9
0. 57
13400
366. 8
36. 5
0. 06
19
8
36. 5
12. 1
0. 57
13500
372. 2
36.9
0. 06
18
8
36.9
12. 3
0. 58
13600
377. 6
37. 4
0. 06
18
8
37. 4
12. 5
0. 58
13700
383. 1
37. 8
0. 06
18
8
37. 8
12. 7
0. 59
13800
388. 7
38. 2
0. 06
18
8
38. 2
12.9
0. 59
13900
394. 4
38. 7
0. 06
18
8
38. 7
13. 1
0. 59
14000
400. 1
39 . 1
0. 06
17
8
39 . 1
13. 3
0. 60
288
(U//FOUO)
(U//FOUO)
(U//FOUO)
UNCLASSIFIED//FOR OFFICIAL USE ONLY


==================================================
FIM DO TEXTO EXTRAÍDO
