=== TEXTO EXTRAÍDO DA PÁGINA 115 ===
PDF: BR-B-UUQ_Firing_Table_Part_1
==================================================

F T 155 AR 1
TABLE F
CHARGE
PART 1
5G
PROJ , HE , M79 5
CORRECT ION FACTORS
FUZE , PD , M739 A1
1
10
11
12
13
14
15
16
17
18
19
R
RANGE CORRECT IONS FOR
A
N
MUZZLE
RANGE
A IR
A IR
PROJ WT
G
VELOC I TY
WI ND
TEMP
DENS I TY
OF 1 SQ
E
1 M / S
1 KNOT
1 PCT
1 PCT
( 4 SQ STD)
DEC
I NC
HEAD
TA I L
DEC
I NC
DEC
I NC
DEC
I NC
M
M
M
M
M
M
M
M
M
M
M
0
0. 0
0. 0
0. 0
0. 0
0. 0
0. 0
0. 0
0. 0
0
0
100
0. 6
0 . 6
0. 0
0. 0
0. 0
0. 0
0. 0
0. 0
1
1
200
1. 2
1 . 1
0. 0
0. 0
0. 0
0 . 1
0. 0
0. 0
2
2
300
1. 7
1 . 6
0. 0
0 . 1
0. 1
0 . 1
0. 0
0. 0
3
3
400
2. 2
2 . 1
0. 1
0 . 1
0. 1
0 . 2
0 . 1
0. 1
4
4
500
2. 7
2 . 6
0. 1
0 . 1
0. 2
0 . 3
0 . 1
0. 1
5
5
600
3. 3
3 . 1
0. 1
0 . 2
0. 3
0 . 4
0 . 2
0. 2
5
6
700
3. 8
3 . 5
0. 2
0 . 2
0. 5
0 . 5
0 . 2
0. 2
6
6
800
4. 2
3 . 9
0. 2
0 . 3
0. 6
0 . 6
0 . 3
0. 3
7
7
900
4. 7
4 . 4
0. 3
0 . 3
0. 8
0 . 8
0 . 4
0. 4
8
8
1000
5. 1
4 . 8
0. 4
0 . 4
0.9
0 . 9
0 . 5
0. 5
8
9
1100
5. 6
5 . 2
0. 5
0 . 5
1. 1
1 . 1
0 . 5
0. 5
9
9
1200
6. 0
5 . 6
0. 6
0 . 5
1. 3
1 . 3
0 . 6
0. 6
10
10
1300
6. 4
6 . 0
0. 7
0 . 6
1. 6
1 . 5
0 . 7
0. 7
10
11
1400
6. 8
6 . 4
0. 8
0 . 7
1. 8
1 . 7
0 . 8
0. 8
11
11
1500
7. 2
6 . 7
0.9
0 . 8
2. 0
1 . 9
1 . 0
0.9
11
12
1600
7. 6
7 . 1
1. 0
0 . 9
2. 3
2 . 1
1 . 1
1. 1
12
12
1700
8. 0
7 . 5
1. 1
1 . 0
2. 6
2 . 3
1 . 2
1. 2
12
13
1800
8. 4
7 . 8
1. 2
1 . 1
2.9
2 . 6
1 . 3
1. 3
13
13
1900
8. 7
8 . 1
1. 4
1 . 2
3. 1
2 . 8
1 . 4
1. 4
13
14
2000
9 . 1
8 . 5
1. 5
1 . 3
3. 5
3 . 1
1 . 6
1. 5
14
14
2100
9 . 4
8 . 8
1. 6
1 . 4
3. 8
3 . 4
1 . 7
1. 7
14
15
2200
9 . 8
9 . 1
1. 8
1 . 5
4. 1
3 . 6
1 . 8
1. 8
15
15
2300
10. 1
9 . 4
1.9
1 . 6
4. 4
3 . 9
2 . 0
1.9
15
16
2400
10. 4
9 . 7
2. 1
1 . 8
4. 8
4 . 2
2 . 1
2. 1
16
16
2500
10. 8
10 . 0
2. 2
1 . 9
5. 1
4 . 5
2 . 3
2. 2
16
17
2600
11. 1
10 . 3
2. 4
2 . 0
5. 5
4 . 8
2 . 4
2. 4
16
17
2700
11. 4
10 . 6
2. 6
2 . 1
5.9
5 . 0
2 . 6
2. 5
17
17
2800
11. 7
10 . 9
2. 7
2 . 2
6. 2
5 . 3
2 . 7
2. 7
17
18
2900
12. 0
11 . 1
2.9
2 . 4
6. 6
5 . 6
2 . 9
2.9
17
18
3000
12. 3
11 . 4
3. 1
2 . 5
7. 0
5 . 9
3 . 1
3. 0
18
18
3100
12. 6
11 . 7
3. 2
2 . 6
7. 4
6 . 2
3 . 2
3. 2
18
19
3200
12.9
11 . 9
3. 4
2 . 8
7. 8
6 . 5
3 . 4
3. 4
18
19
3300
13. 2
12 . 2
3. 6
2 . 9
8. 2
6 . 8
3 . 6
3. 5
19
20
3400
13. 5
12 . 5
3. 8
3 . 0
8. 6
7 . 1
3 . 8
3. 7
19
20
3500
13. 8
12 . 7
4. 0
3 . 2
9 . 0
7 . 4
3 . 9
3.9
19
20
77
(U//FOUO)
(U//FOUO)
(U//FOUO)
UNCLASSIFIED//FOR OFFICIAL USE ONLY


==================================================
FIM DO TEXTO EXTRAÍDO
