=== TEXTO EXTRAÍDO DA PÁGINA 246 ===
PDF: BR-B-UUQ_Firing_Table_Part_1
==================================================

CHARGE
TABLE J
F T 155 AR 1
6W
PART 1
FUZE CORRECT ION FACTORS
PROJ , HE , M79 5
FUZE , MTSQ , M582
1
2
3
4
5
6
7
8
9
10
11
FS
FUZE CORRECT IONS FOR
MUZZLE
RANGE
A IR
A IR
PROJ WT
VELOC I TY
WI ND
TEMP
DENS I TY
OF 1 SQ
1 M / S
1 KNOT
1 PCT
1 PCT
( 4 SQ STD)
DEC
I NC
HEAD
TA I L
DEC
I NC
DEC
I NC
DEC
I NC
0
1
2
. 004 0. 004
0. 000 0. 000
0. 000 0. 000
0. 000 0. 000
0. 008
. 008
3
. 006 0. 006
0. 000 0. 000
0. 000 0. 000
0. 001
. 001
0. 012
. 012
4
. 009 0. 008
0. 000 0. 000
0. 000 0. 000
0. 001
. 001
0. 016
. 016
5
. 011 0. 010
0. 000 0. 000
0. 000 0. 000
0. 002
. 002
0. 019
. 019
6
. 013 0. 013
0. 000 0. 000
0. 001
. 001
0. 002
. 002
0. 022
. 023
7
. 015 0. 015
0. 000 0. 000
0. 001
. 001
0. 003
. 003
0. 025
. 026
8
. 017 0. 016
0. 000 0. 000
0. 002
. 002
0. 005
. 005
0. 028
. 028
9
. 018 0. 018
0. 000 0. 000
0. 002
. 002
0. 006
. 006
0. 030
. 031
10
. 020 0. 020
0. 000 0. 000
0. 003
. 002
0. 007
. 007
0. 033
. 033
11
. 022 0. 022
0. 000 0. 000
0. 004
. 002
0. 009
. 008
0. 034
. 035
12
. 024 0. 024
0. 000 0. 001
0. 004
. 002
0. 010
. 010
0. 036
. 037
13
. 025 0. 025
0. 000 0. 001
0. 004
. 002
0. 012
. 011
0. 038
. 039
14
. 027 0. 027
0. 000 0. 001
0. 004
. 002
0. 013
. 013
0. 039
. 040
15
. 028 0. 028
. 001 0. 001
0. 004
. 001
0. 015
. 014
0. 040
. 042
16
. 029 0. 030
. 001 0. 002
0. 004 0. 000
0. 016
. 015
0. 041
. 043
17
. 031 0. 031
. 001 0. 002
0. 004 0. 001
0. 018
. 017
0. 042
. 044
18
. 032 0. 032
. 002 0. 002
0. 003 0. 002
0. 019
. 018
0. 043
. 045
19
. 033 0. 033
. 002 0. 003
0. 002 0. 003
0. 021
. 019
0. 044
. 046
20
. 034 0. 034
. 002 0. 003
0. 001 0. 004
0. 022
. 020
0. 045
. 047
21
. 035 0. 035
. 003 0. 004
0. 000 0. 006
0. 024
. 022
0. 046
. 048
22
. 036 0. 037
. 003 0. 004
. 001 0. 008
0. 025
. 023
0. 047
. 049
23
. 037 0. 038
. 004 0. 005
. 003 0. 009
0. 026
. 024
0. 048
. 050
24
. 038 0. 039
. 004 0. 006
. 004 0. 011
0. 027
. 025
0. 048
. 051
25
. 039 0. 040
. 005 0. 006
. 006 0. 013
0. 029
. 026
0. 049
. 052
26
. 040 0. 040
. 005 0. 007
. 008 0. 015
0. 030
. 027
0. 050
. 053
27
. 041 0. 041
. 006 0. 007
. 009 0. 016
0. 031
. 028
0. 051
. 054
28
. 042 0. 042
. 006 0. 008
. 011 0. 018
0. 032
. 029
0. 052
. 055
29
. 043 0. 043
. 007 0. 009
. 013 0. 020
0. 033
. 030
0. 052
. 056
30
. 044 0. 044
. 007 0. 009
. 015 0. 022
0. 034
. 031
0. 053
. 056
31
. 045 0. 045
. 008 0. 010
. 017 0. 024
0. 035
. 032
0. 054
. 057
32
. 046 0. 046
. 008 0. 010
. 019 0. 025
0. 037
. 034
0. 055
. 058
33
. 047 0. 047
. 009 0. 011
. 021 0. 027
0. 038
. 035
0. 055
. 059
34
. 048 0. 048
. 010 0. 012
. 023 0. 029
0. 039
. 036
0. 056
. 060
35
. 049 0. 049
. 010 0. 012
. 025 0. 030
0. 040
. 037
0. 057
. 060
208
(U//FOUO)
(U//FOUO)
(U//FOUO)
UNCLASSIFIED//FOR OFFICIAL USE ONLY


==================================================
FIM DO TEXTO EXTRAÍDO
