=== TEXTO EXTRAÍDO DA PÁGINA 328 ===
PDF: BR-B-UUQ_Firing_Table_Part_1
==================================================

CHARGE
TABLE F
F T 155 AR 1
7R
PART 1
BAS I C DATA
PROJ , HE , M79 5
FUZE , PD , M739 A1
1
2
3
4
5
6
7
8
9
R
E
FS FOR
DFS
DR
F
T IME
AZ IMUTH
A
L
GRAZE
PER
PER
O
OF
CORRECT IONS
N
E
BURST
10 M
1 M I L
R
FL I GHT
G
V
DEC
D ELEV
K
DR I F T
CW
E
FUZE
HOB
( CORR
OF
M582
TO L )
1 KNOT
M
M I L
M
M I L
SEC
M I L
M I L
14000
400. 1
39 . 1
0. 06
17
8
39 . 1
13. 3
0. 60
14100
405.9
39 . 6
0. 05
17
9
39 . 6
13. 5
0. 60
14200
411. 7
40. 0
0. 05
17
9
40. 0
13. 7
0. 61
14300
417. 6
40. 5
0. 05
17
9
40. 5
13.9
0. 61
14400
423. 7
40.9
0. 05
17
9
40.9
14. 2
0. 62
14500
429 . 7
41. 4
0. 05
16
9
41. 4
14. 4
0. 62
14600
435.9
41.9
0. 05
16
9
41.9
14. 6
0. 62
14700
442. 2
42. 4
0. 05
16
10
42. 4
14.9
0. 63
14800
448. 5
42. 8
0. 05
16
10
42. 8
15. 1
0. 63
14900
455. 0
43. 3
0. 05
15
10
43. 3
15. 4
0. 64
15000
461. 5
43. 8
0. 05
15
10
43. 8
15. 6
0. 64
15100
468. 2
44. 3
0. 05
15
10
44. 3
15.9
0. 65
15200
474.9
44. 8
0. 05
15
11
44. 8
16. 2
0. 65
15300
481. 8
45. 4
0. 05
14
11
45. 4
16. 4
0. 65
15400
488. 7
45.9
0. 05
14
11
45.9
16. 7
0. 66
15500
495. 8
46. 4
0. 05
14
11
46. 4
17. 0
0. 66
15600
503. 0
46.9
0. 05
14
12
46.9
17. 3
0. 67
15700
510. 4
47. 5
0. 05
13
12
47. 5
17. 6
0. 67
15800
517.9
48. 0
0. 05
13
12
48. 0
17.9
0. 68
15900
525. 6
48. 6
0. 05
13
12
48. 6
18. 2
0. 68
16000
533. 4
49 . 2
0. 05
13
13
49 . 2
18. 6
0. 69
16100
541. 4
49 . 8
0. 04
12
13
49 . 8
18.9
0. 69
16200
549 . 6
50. 4
0. 04
12
13
50. 4
19 . 2
0. 70
16300
557.9
51. 0
0. 04
12
14
51. 0
19 . 6
0. 70
16400
566. 6
51. 6
0. 04
11
14
51. 6
20. 0
0. 70
16500
575. 4
52. 2
0. 04
11
15
52. 2
20. 4
0. 71
16600
584. 6
52.9
0. 04
11
15
52.9
20. 8
0. 71
16700
594. 1
53. 6
0. 04
10
16
53. 6
21. 2
0. 72
16800
603.9
54. 3
0. 04
10
17
54. 3
21. 7
0. 73
16900
614. 2
55. 0
0. 04
10
18
55. 0
22. 2
0. 73
17000
624.9
55. 8
0. 04
9
19
55. 8
22. 7
0. 74
17100
636. 1
56. 6
0. 04
9
20
56. 6
23. 3
0. 74
17200
648. 0
57. 4
0. 04
8
21
57. 4
23.9
0. 75
17300
660. 6
58. 3
0. 04
8
23
58. 3
24. 5
0. 76
17400
674. 3
59 . 3
0. 04
7
25
59 . 3
25. 2
0. 76
17500
689 . 4
60. 3
0. 04
6
28
60. 3
26. 1
0. 77
29 0
(U//FOUO)
(U//FOUO)
(U//FOUO)
UNCLASSIFIED//FOR OFFICIAL USE ONLY


==================================================
FIM DO TEXTO EXTRAÍDO
