=== TEXTO EXTRAÍDO DA PÁGINA 229 ===
PDF: BR-B-UUQ_Firing_Table_Part_1
==================================================

F T 155 AR 1
TABLE F
CHARGE
PART 1
6W
PROJ , HE , M79 5
CORRECT ION FACTORS
FUZE , PD , M739 A1
1
10
11
12
13
14
15
16
17
18
19
R
RANGE CORRECT IONS FOR
A
N
MUZZLE
RANGE
A IR
A IR
PROJ WT
G
VELOC I TY
WI ND
TEMP
DENS I TY
OF 1 SQ
E
1 M / S
1 KNOT
1 PCT
1 PCT
( 4 SQ STD)
DEC
I NC
HEAD
TA I L
DEC
I NC
DEC
I NC
DEC
I NC
M
M
M
M
M
M
M
M
M
M
M
7000
19 . 2
18 . 9
7. 4
6 . 6
8. 4
10 . 2
18 . 3
17. 7
19
20
7100
19 . 3
19 . 0
7. 6
6 . 8
8. 8
10 . 6
18 . 6
18. 0
18
20
7200
19 . 5
19 . 2
7. 8
7 . 0
9 . 2
10 . 9
18 . 9
18. 3
18
20
7300
19 . 6
19 . 3
8. 1
7 . 1
9 . 7
11 . 3
19 . 2
18. 7
18
20
7400
19 . 7
19 . 4
8. 3
7 . 3
10. 1
11 . 7
19 . 6
19 . 0
18
20
7500
19 .9
19 . 6
8. 5
7 . 5
10. 5
12 . 0
19 . 9
19 . 4
18
20
7600
20. 0
19 . 7
8. 8
7 . 7
10.9
12 . 4
20 . 2
19 . 7
18
20
7700
20. 1
19 . 8
9 . 0
7 . 9
11. 4
12 . 8
20 . 6
20. 1
18
20
7800
20. 3
19 . 9
9 . 2
8 . 1
11. 8
13 . 1
20 . 9
20. 4
18
20
7900
20. 4
20 . 1
9 . 5
8 . 3
12. 2
13 . 5
21 . 3
20. 8
18
19
8000
20. 5
20 . 2
9 . 7
8 . 5
12. 6
13 . 8
21 . 6
21. 1
18
19
8100
20. 7
20 . 3
9 .9
8 . 7
13. 0
14 . 2
22 . 0
21. 5
17
19
8200
20. 8
20 . 4
10. 2
8 . 8
13. 5
14 . 5
22 . 3
21.9
17
19
8300
20.9
20 . 6
10. 4
9 . 0
13.9
14 . 9
22 . 7
22. 3
17
19
8400
21. 1
20 . 7
10. 7
9 . 2
14. 3
15 . 2
23 . 0
22. 7
17
19
8500
21. 2
20 . 8
10.9
9 . 4
14. 7
15 . 5
23 . 4
23. 1
17
19
8600
21. 3
20 . 9
11. 1
9 . 6
15. 1
15 . 9
23 . 7
23. 5
17
19
8700
21. 5
21 . 1
11. 4
9 . 8
15. 5
16 . 2
24 . 1
23.9
17
19
8800
21. 6
21 . 2
11. 6
10 . 0
15. 8
16 . 5
24 . 5
24. 3
16
19
8900
21. 7
21 . 3
11.9
10 . 2
16. 2
16 . 8
24 . 9
24. 7
16
18
9000
21.9
21 . 5
12. 1
10 . 4
16. 5
17 . 2
25 . 3
25. 1
16
18
9100
22. 0
21 . 6
12. 4
10 . 6
16.9
17 . 5
25 . 7
25. 5
16
18
9200
22. 2
21 . 7
12. 6
10 . 8
17. 2
17 . 8
26 . 1
25.9
16
18
9300
22. 3
21 . 8
12.9
11 . 0
17. 6
18 . 1
26 . 5
26. 4
16
18
9400
22. 5
22 . 0
13. 1
11 . 1
17.9
18 . 4
26 . 9
26. 8
16
18
9500
22. 6
22 . 1
13. 4
11 . 3
18. 2
18 . 7
27 . 3
27. 3
15
18
9600
22. 8
22 . 2
13. 6
11 . 5
18. 6
19 . 0
27 . 8
27. 7
15
18
9700
22.9
22 . 4
13.9
11 . 7
18.9
19 . 3
28 . 2
28. 2
15
17
9800
23. 1
22 . 5
14. 1
11 . 9
19 . 2
19 . 6
28 . 6
28. 7
15
17
9900
23. 2
22 . 7
14. 4
12 . 1
19 . 5
19 . 8
29 . 1
29 . 2
15
17
10000
23. 4
22 . 8
14. 6
12 . 3
19 . 8
20 . 1
29 . 5
29 . 7
15
17
10100
23. 5
22 . 9
14.9
12 . 5
20. 1
20 . 4
30 . 0
30. 2
14
17
10200
23. 7
23 . 1
15. 1
12 . 7
20. 4
20 . 6
30 . 4
30. 7
14
16
10300
23.9
23 . 2
15. 4
12 . 9
20. 6
20 . 8
30 . 9
31. 3
14
16
10400
24. 0
23 . 4
15. 7
13 . 1
20.9
21 . 1
31 . 4
31. 8
14
16
10500
24. 2
23 . 5
16. 0
13 . 3
21. 1
21 . 3
31 . 8
32. 3
14
16
19 1
(U//FOUO)
(U//FOUO)
(U//FOUO)
UNCLASSIFIED//FOR OFFICIAL USE ONLY


==================================================
FIM DO TEXTO EXTRAÍDO
