=== TEXTO EXTRAÍDO DA PÁGINA 36 ===
PDF: BR-B-UUQ_Firing_Table_Part_1
==================================================

FT 155-AR-1 
PART 1
LXXII
Probability Table (Cont.)
T 
0.00
0.01
0.02
0.03
0.04
0.05
0.06
0.07
0.08
0.09
3.0
.4787
.4970
.4793
.4796
.4800
.4803
.4806
.4809
.4812
.4815
3.1
3.2
3.3
3.4
.4818
.4848
.4870
.4890
.4821
.4851
.4873
.4892
.4824
.4853
.4875
.4893
.4827
.4855
.4877
.4895
.4830
.4857
.4879
.4897
.4833
.4859
.4881
.4899
.4836
.4862
.4883
.4901
.4839
.4864
.4885
.4902
.4842
.4866
.4886
.4904
.4845
.4868
.4888
.4906
3.5
.4908
.4909
.4911
.4913
.4915
.4916
.4917
.4919
.4921
.4922
3.6
3.7
3.8
3.9
.4923
.4936
.4948
.4957
.4924
.4938
.4949
.4958
.4926
.4939
.4950
.4959
.4927
.4940
.4951
.4960
.4928
.4941
.4952
.4960
.4929
.4942
.4953
.4961
.4931
.4944
.4953
.4962
.4933
.4945
.4954
.4963
.4934
.4946
.4955
.4964
.4935
.4947
.4956
.4965
4.0
.4965
.4966
.4967
.4967
.4968
.4969
.4969
.4970
.4971
.4972
4.1
4.2
4.3
4.4
.4972
.4978
.4982
.4985
.4973
.4978
.4982
.4985
.4973
.4979
.4982
.4986
.4974
.4979
.4983
.4986
.4974
.4980
.4983
.4986
.4975
.4980
.4983
.4987
.4975
.4980
.4983
.4987
.4976
.4981
.4984
.4987
.4976
.4981
.4984
.4988
.4977
.4981
.4985
.4988
4.5
.4988
.4989
.4989
.4989
.4989
.4990
.4990
.4990
.4990
.4991
4.6
4.7
4.8
4.9
.4991
.4993
.4994
.4995
.4991
.4993
.4994
.4996
.4991
.4993
.4994
.4996
.4991
.4993
.4995
.4996
.4992
.4993
.4995
.4996
.4992
.4993
.4995
.4996
.4992
.4994
.4995
.4996
.4992
.4994
.4995
.4996
.4992
.4994
.4995
.4996
.4992
.4994
.4995
.4996
5.0
.4996
.4996
.4997
.4997
.4997
.4997
.4997
.4997
.4997
.4997
5.1
5.2
5.3
5.4
.4997
.4998
.4998
.4999
.4997
.4998
.4998
.4999
.4997
.4998
.4998
.4999
.4997
.4998
.4998
.4999
.4998
.4998
.4998
.4999
.4998
.4998
.4998
.4999
.4998
.4998
.4999
.4999
.4998
.4998
.4999
.4999
.4998
.4998
.4999
.4999
.4998
.4998
.4999
.4999
5.5
.4999
.4999
.4999
.4999
.4999
.4999
.4999
.4999
.4999
.4999
5.6
5.7
5.8
5.9
.4999
.4999
.5000
.5000
.4999
.4999
.5000
.5000
.4999
.4999
.5000
.5000
.4999
.4999
.5000
.5000
.4999
.4999
.5000
.5000
.4999
.4999
.5000
.5000
.4999
.4999
.5000
.5000
.4999
.4999
.5000
.5000
.4999
.4999
.5000
.5000
.4999
.4999
.5000
.5000
6.0
.5000
.5000
.5000
.5000
.5000
.5000
.5000
.5000
.5000
.5000
UNCLASSIFIED//FOR OFFICIAL USE ONLY 
UNCLASSIFIED//FOR OFFICIAL USE ONLY 
(U)
(U)
(U)


==================================================
FIM DO TEXTO EXTRAÍDO
