=== TEXTO EXTRAÍDO DA PÁGINA 118 ===
PDF: BR-B-UUQ_Firing_Table_Part_1
==================================================

CHARGE
TABLE F
F T 155 AR 1
5G
PART 1
BAS I C DATA
PROJ , HE , M79 5
FUZE , PD , M739 A1
1
2
3
4
5
6
7
8
9
R
E
FS FOR
DFS
DR
F
T IME
AZ IMUTH
A
L
GRAZE
PER
PER
O
OF
CORRECT IONS
N
E
BURST
10 M
1 M I L
R
FL I GHT
G
V
DEC
D ELEV
K
DR I F T
CW
E
FUZE
HOB
( CORR
OF
M582
TO L )
1 KNOT
M
M I L
M
M I L
SEC
M I L
M I L
7000
420. 7
26. 2
0. 08
11
6
26. 2
9 . 4
0. 31
7100
430. 1
26. 7
0. 08
11
6
26. 7
9 . 6
0. 32
7200
439 . 7
27. 3
0. 08
10
6
27. 3
9 .9
0. 32
7300
449 . 6
27. 8
0. 08
10
6
27. 8
10. 2
0. 33
7400
459 . 8
28. 4
0. 08
10
7
28. 4
10. 5
0. 33
7500
470. 3
29 . 0
0. 07
9
7
29 . 0
10. 8
0. 34
7600
481. 2
29 . 6
0. 07
9
7
29 . 6
11. 1
0. 35
7700
492. 4
30. 2
0. 07
9
8
30. 2
11. 5
0. 35
7800
504. 1
30. 8
0. 07
8
8
30. 8
11.9
0. 36
7900
516. 3
31. 5
0. 07
8
9
31. 5
12. 2
0. 36
8000
529 . 1
32. 2
0. 07
8
9
32. 2
12. 7
0. 37
8100
542. 5
32.9
0. 07
7
10
32.9
13. 1
0. 38
8200
556. 7
33. 6
0. 06
7
11
33. 6
13. 6
0. 38
8300
571. 8
34. 4
0. 06
6
12
34. 4
14. 1
0. 39
8400
588. 1
35. 3
0. 06
6
13
35. 3
14. 7
0. 40
8500
605.9
36. 2
0. 06
5
15
36. 2
15. 4
0. 41
8600
625. 7
37. 2
0. 06
5
17
37. 2
16. 1
0. 42
8700
648. 4
38. 3
0. 06
4
21
38. 3
17. 0
0. 43
8800
675. 7
39 . 6
0. 05
3
27
39 . 6
18. 1
0. 44
8900
713. 2
41. 4
0. 05
41. 4
19 . 8
0. 46
**********************************************************************
8900
847. 8
47. 4
0. 05
47. 4
27. 1
0. 56
8800
885. 1
48.9
0. 05
3
29
48.9
29 . 6
0. 59
8700
912. 2
50. 0
0. 04
4
22
50. 0
31. 7
0. 61
8600
934. 5
50. 8
0. 04
5
19
50. 8
33. 4
0. 62
8500
954. 1
51. 6
0. 04
5
16
51. 6
35. 1
0. 64
8400
971. 6
52. 2
0. 04
6
15
52. 2
36. 7
0. 66
8300
987. 6
52. 8
0. 04
6
13
52. 8
38. 3
0. 67
8200
1002. 5
53. 3
0. 04
7
12
53. 3
39 . 8
0. 69
8100
1016. 5
53. 8
0. 04
7
12
53. 8
41. 3
0. 71
8000
1029 . 7
54. 2
0. 04
8
11
54. 2
42. 8
0. 72
7900
1042. 2
54. 6
0. 04
8
10
54. 6
44. 3
0. 74
7800
1054. 1
55. 0
0. 04
9
10
55. 0
45. 8
0. 75
7700
1065. 6
55. 4
0. 04
9
9
55. 4
47. 3
0. 77
7600
1076. 6
55. 7
0. 04
9
9
55. 7
48. 8
0. 79
7500
1087. 2
56. 1
0. 04
10
8
56. 1
50. 3
0. 80
80
(U//FOUO)
(U//FOUO)
(U//FOUO)
UNCLASSIFIED//FOR OFFICIAL USE ONLY


==================================================
FIM DO TEXTO EXTRAÍDO
