=== TEXTO EXTRAÍDO DA PÁGINA 150 ===
PDF: BR-B-UUQ_Firing_Table_Part_1
==================================================

CHARGE
TABLE F
F T 155 AR 1
4W
PART 1
BAS I C DATA
PROJ , HE , M79 5
FUZE , PD , M739 A1
1
2
3
4
5
6
7
8
9
R
E
FS FOR
DFS
DR
F
T IME
AZ IMUTH
A
L
GRAZE
PER
PER
O
OF
CORRECT IONS
N
E
BURST
10 M
1 M I L
R
FL I GHT
G
V
DEC
D ELEV
K
DR I F T
CW
E
FUZE
HOB
( CORR
OF
M582
TO L )
1 KNOT
M
M I L
M
M I L
SEC
M I L
M I L
3500
195. 7
12. 1
0. 17
16
4
12. 1
3. 7
0. 14
3600
202. 1
12. 5
0. 17
15
4
12. 5
3. 8
0. 15
3700
208. 7
12.9
0. 16
15
4
12.9
3.9
0. 15
3800
215. 3
13. 3
0. 16
15
4
13. 3
4. 1
0. 15
3900
222. 0
13. 7
0. 15
15
4
13. 7
4. 2
0. 16
4000
228. 7
14. 0
0. 15
15
4
14. 0
4. 4
0. 16
4100
235. 5
14. 4
0. 15
15
4
14. 4
4. 5
0. 17
4200
242. 4
14.9
0. 14
14
4
14.9
4. 7
0. 17
4300
249 . 4
15. 3
0. 14
14
5
15. 3
4. 8
0. 17
4400
256. 5
15. 7
0. 13
14
5
15. 7
5. 0
0. 18
4500
263. 6
16. 1
0. 13
14
5
16. 1
5. 1
0. 18
4600
270. 8
16. 5
0. 13
14
5
16. 5
5. 3
0. 19
4700
278. 2
16.9
0. 12
14
5
16.9
5. 5
0. 19
4800
285. 6
17. 4
0. 12
13
5
17. 4
5. 6
0. 19
4900
293. 1
17. 8
0. 12
13
6
17. 8
5. 8
0. 20
5000
300. 8
18. 2
0. 12
13
6
18. 2
6. 0
0. 20
5100
308. 5
18. 7
0. 11
13
6
18. 7
6. 2
0. 21
5200
316. 4
19 . 1
0. 11
13
6
19 . 1
6. 3
0. 21
5300
324. 4
19 . 6
0. 11
12
6
19 . 6
6. 5
0. 21
5400
332. 5
20. 0
0. 11
12
7
20. 0
6. 7
0. 22
5500
340. 8
20. 5
0. 10
12
7
20. 5
6.9
0. 22
5600
349 . 2
21. 0
0. 10
12
7
21. 0
7. 1
0. 23
5700
357. 8
21. 5
0. 10
12
7
21. 5
7. 3
0. 23
5800
366. 5
22. 0
0. 10
11
8
22. 0
7. 6
0. 24
5900
375. 4
22. 4
0. 09
11
8
22. 4
7. 8
0. 24
6000
384. 5
23. 0
0. 09
11
8
23. 0
8. 0
0. 24
6100
393. 8
23. 5
0. 09
11
9
23. 5
8. 2
0. 25
6200
403. 4
24. 0
0. 09
10
9
24. 0
8. 5
0. 25
6300
413. 1
24. 5
0. 09
10
9
24. 5
8. 7
0. 26
6400
423. 1
25. 1
0. 09
10
10
25. 1
9 . 0
0. 26
6500
433. 4
25. 6
0. 08
10
10
25. 6
9 . 3
0. 27
6600
444. 0
26. 2
0. 08
9
11
26. 2
9 . 6
0. 27
6700
455. 0
26. 8
0. 08
9
11
26. 8
9 .9
0. 28
6800
466. 3
27. 4
0. 08
9
12
27. 4
10. 2
0. 29
6900
478. 0
28. 0
0. 08
8
13
28. 0
10. 5
0. 29
7000
490. 2
28. 6
0. 08
8
13
28. 6
10.9
0. 30
112
(U//FOUO)
(U//FOUO)
(U//FOUO)
UNCLASSIFIED//FOR OFFICIAL USE ONLY


==================================================
FIM DO TEXTO EXTRAÍDO
