=== TEXTO EXTRAÍDO DA PÁGINA 224 ===
PDF: BR-B-UUQ_Firing_Table_Part_1
==================================================

CHARGE
TABLE F
F T 155 AR 1
6W
PART 1
BAS I C DATA
PROJ , HE , M79 5
FUZE , PD , M739 A1
1
2
3
4
5
6
7
8
9
R
E
FS FOR
DFS
DR
F
T IME
AZ IMUTH
A
L
GRAZE
PER
PER
O
OF
CORRECT IONS
N
E
BURST
10 M
1 M I L
R
FL I GHT
G
V
DEC
D ELEV
K
DR I F T
CW
E
FUZE
HOB
( CORR
OF
M582
TO L )
1 KNOT
M
M I L
M
M I L
SEC
M I L
M I L
0
0. 0
40
1
0. 0
0. 0
0. 00
100
2. 5
40
1
0. 2
0. 1
0. 01
200
5. 0
40
1
0. 4
0. 1
0. 01
300
7. 5
40
1
0. 7
0. 2
0. 02
400
10. 0
39
1
0.9
0. 2
0. 02
500
12. 6
39
1
1. 1
0. 3
0. 03
600
15. 2
38
1
1. 4
0. 4
0. 03
700
17.9
38
1
1. 6
0. 4
0. 04
800
20. 6
1. 8
1. 12
37
1
1. 8
0. 5
0. 05
900
23. 3
2. 1
0.99
37
1
2. 1
0. 5
0. 05
1000
26. 0
2. 3
0. 89
36
1
2. 3
0. 6
0. 06
1100
28. 8
2. 6
0. 81
36
1
2. 6
0. 7
0. 06
1200
31. 6
2. 8
0. 74
35
1
2. 8
0. 7
0. 07
1300
34. 5
3. 0
0. 68
35
1
3. 0
0. 8
0. 08
1400
37. 4
3. 3
0. 63
34
1
3. 3
0.9
0. 08
1500
40. 4
3. 6
0. 58
34
1
3. 6
0.9
0. 09
1600
43. 4
3. 8
0. 54
33
1
3. 8
1. 0
0. 09
1700
46. 4
4. 1
0. 51
33
1
4. 1
1. 1
0. 10
1800
49 . 5
4. 3
0. 48
32
1
4. 3
1. 2
0. 11
1900
52. 6
4. 6
0. 45
32
1
4. 6
1. 2
0. 11
2000
55. 7
4.9
0. 43
31
1
4.9
1. 3
0. 12
2100
58.9
5. 1
0. 41
31
1
5. 1
1. 4
0. 13
2200
62. 2
5. 4
0. 39
31
1
5. 4
1. 5
0. 13
2300
65. 5
5. 7
0. 37
30
1
5. 7
1. 5
0. 14
2400
68. 8
5.9
0. 35
30
1
5.9
1. 6
0. 14
2500
72. 2
6. 2
0. 34
29
1
6. 2
1. 7
0. 15
2600
75. 6
6. 5
0. 32
29
1
6. 5
1. 8
0. 16
2700
79 . 1
6. 8
0. 31
29
1
6. 8
1.9
0. 16
2800
82. 6
7. 1
0. 30
28
1
7. 1
1.9
0. 17
2900
86. 2
7. 4
0. 28
28
1
7. 4
2. 0
0. 18
3000
89 . 8
7. 7
0. 27
27
1
7. 7
2. 1
0. 18
3100
93. 5
8. 0
0. 26
27
1
8. 0
2. 2
0. 19
3200
97. 2
8. 3
0. 25
27
1
8. 3
2. 3
0. 20
3300
101. 0
8. 6
0. 24
26
1
8. 6
2. 4
0. 20
3400
104. 8
8.9
0. 24
26
2
8.9
2. 5
0. 21
3500
108. 7
9 . 2
0. 23
26
2
9 . 2
2. 6
0. 22
186
(U//FOUO)
(U//FOUO)
(U//FOUO)
UNCLASSIFIED//FOR OFFICIAL USE ONLY


==================================================
FIM DO TEXTO EXTRAÍDO
