=== TEXTO EXTRAÍDO DA PÁGINA 105 ===
PDF: BR-B-UUQ_Firing_Table_Part_1
==================================================

2
3
3
F T 155 AR 1
TABLE B
CHARGE
PART 1
5G
PROJ , HE , M79 5
COMPLEMENTARY RANGE
FUZE , PD , M739 A1
L I NE NUMBER
CHANGE
I N RANGE ,
I N METERS
TO CORRECT FOR COMPLEMENTARY ANGLE OF S I TE
L I NE NUMBERS OF METEOROLOG I CAL MESSAGE
HE I GHT OF TARGET ABOVE GUN
METERS
RANGE
L I NE
400
500
600
700
800
9 00
1000
METERS
NO.
0
2
100
5
7
9
11
13
15
200
7
10
13
15
18
21
24
300
9
12
16
19
23
27
31
400
11
15
19
23
27
32
36
500
12
17
21
26
31
36
42
600
14
19
24
29
35
40
46
700
15
20
26
32
38
44
51
800
16
22
28
34
41
48
55
900
18
24
30
37
44
51
59
1000
19
25
32
39
47
54
63
1100
20
27
34
41
49
58
66
1200
22
28
36
44
52
61
70
1300
23
30
38
46
55
64
73
1400
24
32
40
48
57
67
77
1500
25
33
41
50
60
70
80
1600
27
35
43
53
62
73
83
1700
28
36
45
55
65
76
87
1800
29
38
47
57
67
79
90
1900
30
39
49
59
70
81
93
2000
31
41
51
61
73
84
97
2100
33
42
53
64
75
87
100
2200
34
44
55
66
78
90
104
2300
35
46
57
68
81
94
107
2400
37
47
59
71
83
97
111
2500
38
49
61
73
86
100
114
2600
39
51
63
75
89
103
118
2700
40
52
65
78
92
106
122
2800
42
54
67
80
95
110
125
2900
43
56
69
83
98
113
129
3000
45
58
71
86
101
117
133
3100
46
60
74
88
104
120
137
3200
48
61
76
91
107
124
142
3300
49
63
78
94
110
128
146
3400
51
65
81
97
114
132
150
3500
67
(U//FOUO)
(U//FOUO)
(U//FOUO)
UNCLASSIFIED//FOR OFFICIAL USE ONLY


==================================================
FIM DO TEXTO EXTRAÍDO
