=== TEXTO EXTRAÍDO DA PÁGINA 175 ===
PDF: BR-B-UUQ_Firing_Table_Part_1
==================================================

3
3
4
4
F T 155 AR 1
TABLE B
CHARGE
PART 1
5W
PROJ , HE , M79 5
COMPLEMENTARY RANGE
FUZE , PD , M739 A1
L I NE NUMBER
CHANGE
I N RANGE ,
I N METERS
TO CORRECT FOR COMPLEMENTARY ANGLE OF S I TE
L I NE NUMBERS OF METEOROLOG I CAL MESSAGE
HE I GHT OF TARGET ABOVE GUN
METERS
RANGE
L I NE
400
500
600
700
800
9 00
1000
METERS
NO.
40
52
64
77
91
105
120
3500
41
53
65
79
93
108
123
3600
42
54
67
81
95
110
126
3700
43
56
69
83
97
113
129
3800
44
57
70
85
100
115
132
3900
45
58
72
87
102
118
135
4000
46
60
74
89
105
121
138
4100
48
61
76
91
107
124
141
4200
49
63
78
93
110
127
145
4300
50
65
80
96
112
130
148
4400
51
66
82
98
115
133
152
4500
53
68
84
101
118
137
156
4600
54
70
86
103
121
140
160
4700
56
72
88
106
124
143
164
4800
57
73
91
109
127
147
168
4900
59
75
93
111
131
151
172
5000
60
77
95
114
134
155
176
5100
62
80
98
117
138
159
181
5200
64
82
101
120
141
163
186
5300
65
84
103
124
145
167
191
5400
67
86
106
127
149
172
196
5500
69
89
109
130
153
176
201
5600
71
91
112
134
157
181
206
5700
73
94
115
138
161
186
212
5800
75
96
118
141
165
191
217
5900
77
99
121
145
170
196
223
6000
79
101
125
149
175
201
229
6100
81
104
128
153
179
207
236
6200
84
107
132
157
184
213
242
6300
86
110
135
162
189
219
249
6400
88
113
139
166
195
225
256
6500
91
116
143
171
200
231
263
6600
93
120
147
176
206
238
271
6700
96
123
151
181
212
244
278
6800
99
127
156
186
218
252
287
6900
102
130
160
192
224
259
295
7000
137
(U//FOUO)
(U//FOUO)
(U//FOUO)
UNCLASSIFIED//FOR OFFICIAL USE ONLY


==================================================
FIM DO TEXTO EXTRAÍDO
