=== TEXTO EXTRAÍDO DA PÁGINA 332 ===
PDF: BR-B-UUQ_Firing_Table_Part_1
==================================================

CHARGE
TABLE F
F T 155 AR 1
7R
PART 1
BAS I C DATA
PROJ , HE , M79 5
FUZE , PD , M739 A1
1
2
3
4
5
6
7
8
9
R
E
FS FOR
DFS
DR
F
T IME
AZ IMUTH
A
L
GRAZE
PER
PER
O
OF
CORRECT IONS
N
E
BURST
10 M
1 M I L
R
FL I GHT
G
V
DEC
D ELEV
K
DR I F T
CW
E
FUZE
HOB
( CORR
OF
M582
TO L )
1 KNOT
M
M I L
M
M I L
SEC
M I L
M I L
15000
1110. 3
86. 0
0. 03
20
8
86. 0
70. 4
1. 30
14900
1115. 1
86. 2
0. 03
21
8
86. 2
71. 5
1. 31
14800
1119 .9
86. 5
0. 03
21
8
86. 5
72. 6
1. 32
14700
1124. 6
86. 7
0. 03
22
8
86. 7
73. 7
1. 34
14600
1129 . 2
86.9
0. 03
22
8
86.9
74. 8
1. 35
14500
1133. 7
87. 1
0. 03
22
8
87. 1
76. 0
1. 36
14400
1138. 1
87. 3
0. 03
23
7
87. 3
77. 1
1. 38
14300
1142. 5
87. 6
0. 03
23
7
87. 6
78. 3
1. 39
14200
1146. 8
87. 8
0. 03
23
7
87. 8
79 . 5
1. 41
14100
1151. 0
88. 0
0. 03
24
7
88. 0
80. 7
1. 42
14000
1155. 2
88. 2
0. 03
24
7
88. 2
81.9
1. 44
13900
1159 . 3
88. 3
0. 03
25
7
88. 3
83. 2
1. 45
13800
1163. 3
88. 5
0. 03
25
6
88. 5
84. 5
1. 47
13700
1167. 3
88. 7
0. 03
25
6
88. 7
85. 8
1. 48
13600
1171. 2
88.9
0. 03
26
6
88.9
87. 1
1. 50
13500
1175. 1
89 . 1
0. 03
26
6
89 . 1
88. 5
1. 52
13400
1178.9
89 . 2
0. 03
26
6
89 . 2
89 .9
1. 53
13300
1182. 6
89 . 4
0. 03
27
6
89 . 4
91. 3
1. 55
13200
1186. 3
89 . 6
0. 03
27
6
89 . 6
92. 8
1. 57
13100
1190. 0
89 . 7
0. 03
28
5
89 . 7
94. 3
1. 59
13000
1193. 6
89 .9
0. 03
28
5
89 .9
95.9
1. 61
12900
1197. 1
90. 1
0. 03
28
5
90. 1
97. 5
1. 63
12800
1200. 6
90. 2
0. 03
29
5
90. 2
99 . 2
1. 65
12700
1204. 1
90. 4
0. 03
29
5
90. 4
100.9
1. 67
12600
1207. 5
90. 5
0. 03
30
5
90. 5
102. 6
1. 69
12500
1210. 8
90. 7
0. 03
30
5
90. 7
104. 5
1. 71
12400
1214. 1
90. 8
0. 03
31
5
90. 8
106. 4
1. 74
12300
1217. 4
91. 0
0. 03
31
5
91. 0
108. 3
1. 76
12200
1220. 6
91. 1
0. 03
31
4
91. 1
110. 3
1. 79
12100
1223. 7
91. 3
0. 03
32
4
91. 3
112. 4
1. 81
12000
1226. 8
91. 4
0. 03
32
4
91. 4
114. 6
1. 84
11900
1229 .9
91. 6
0. 03
33
4
91. 6
116.9
1. 87
11800
1232.9
91. 7
0. 03
33
91. 7
119 . 3
1.90
11700
1235.9
91.9
0. 03
34
91.9
121. 8
1.93
11600
1238. 8
92. 0
0. 03
34
92. 0
124. 3
1.96
11500
1241. 7
92. 2
0. 03
35
92. 2
127. 0
1.99
29 4
(U//FOUO)
(U//FOUO)
(U//FOUO)
UNCLASSIFIED//FOR OFFICIAL USE ONLY


==================================================
FIM DO TEXTO EXTRAÍDO
