=== TEXTO EXTRAÍDO DA PÁGINA 88 ===
PDF: BR-B-UUQ_Firing_Table_Part_1
==================================================

CHARGE
TABLE G
F T 155 AR 1
4G
PART 1
SUPPLEMENTARY DATA
PROJ , HE , M79 5
FUZE , PD , M739 A1
1
2
3
4
5
6
7
8
9
10
11
12
13
R
E
PROBABLE ERRORS
ANGLE
COT
TML
MO
COMP S I TE
A
L
OF
ANGLE VEL
FOR
N
E
FUZE M582
FALL
OF
ANGLE OF S I TE
G
V
FALL
+1 M I L
1 M I L
E
R
D
HB
TB
RB
S I TE
S I TE
M
M I L
M
M
M
SEC
M
M I L
M / S
M
M I L
M I L
0
0. 0
3
0
0
286
0
0. 000
0. 00
500
30.9
4
0
31
32. 5
280
4
0. 001
0 . 001
1000
62. 7
5
0
1 0. 04
11
65
15. 8
274
16
0. 004
0 . 003
1500
95. 6
7
1
1 0. 04
11
100
10. 2
269
36
0. 008
0 . 008
2000
129 .9
8
1
2 0. 04
11
137
7. 4
264
66
0. 016
0 . 015
2500
165. 6
10
1
2 0. 04
12
177
5. 7
259
106
0. 027
0 . 025
3000
203. 2
12
1
3 0. 04
12
220
4. 6
254
158
0. 042
0 . 039
3500
243. 0
13
2
3 0. 04
12
266
3. 7
250
223
0. 063
0 . 057
4000
285. 6
15
2
4 0. 04
13
316
3. 1
246
303
0. 092
0 . 084
4500
331.9
17
2
5 0. 04
14
370
2. 6
242
403
0. 135
0 . 120
5000
383. 0
19
3
6 0. 04
14
431
2. 2
239
526
0. 199
0 . 173
5500
441. 3
21
3
7 0. 04
15
499
1.9
237
682
0. 307
0 . 255
6000
511. 3
23
3
9 0. 05
16
580
1. 6
235
888
0. 528
0 . 402
6500
607. 1
25
4
12 0. 05
17
688
1. 2
234
1196
1. 509
0 . 755
************************************************************************
6500
946. 0
25
5
22 0. 06
17 1031
0. 6
239
2373
2 . 530
1. 77
6000 1041. 4
23
5
24 0. 06
16 1119
0. 5
242
2681
1 . 546
1. 42
5500 1110.9
22
5
26 0. 06
15 1183
0. 4
243
2887
1 . 320
1. 27
5000 1168. 3
20
5
28 0. 07
13 1237
0. 4
244
3042
1 . 207
1. 18
4500 1217. 7
18
5
29 0. 07
12 1285
0. 3
244
3162
1 . 137
1. 12
4000 1260. 7
16
4
30 0. 07
11 1330
0. 3
244
3257
1 . 088
1. 08
50
(U//FOUO)
(U//FOUO)
(U//FOUO)
UNCLASSIFIED//FOR OFFICIAL USE ONLY


==================================================
FIM DO TEXTO EXTRAÍDO
