=== TEXTO EXTRAÍDO DA PÁGINA 194 ===
PDF: BR-B-UUQ_Firing_Table_Part_1
==================================================

CHARGE
TABLE G
F T 155 AR 1
5W
PART 1
SUPPLEMENTARY DATA
PROJ , HE , M79 5
FUZE , PD , M739 A1
1
2
3
4
5
6
7
8
9
10
11
12
13
R
E
PROBABLE ERRORS
ANGLE
COT
TML
MO
COMP S I TE
A
L
OF
ANGLE VEL
FOR
N
E
FUZE M582
FALL
OF
ANGLE OF S I TE
G
V
FALL
+1 M I L
1 M I L
E
R
D
HB
TB
RB
S I TE
S I TE
M
M I L
M
M
M
SEC
M
M I L
M / S
M
M I L
M I L
0
0. 0
6
0
0
380
0
0. 000
0. 00
500
17.9
6
0
19
55. 0
362
2
0. 000
0. 00
1000
37. 0
6
0
1 0. 04
14
39
25. 8
347
9
0. 001
0 . 001
1500
57. 4
7
1
1 0. 04
14
63
16. 2
334
22
0. 003
0 . 002
2000
78. 8
8
1
1 0. 04
13
88
11. 6
323
41
0. 005
0 . 004
2500
101. 5
9
1
2 0. 04
13
115
8. 8
315
67
0. 008
0 . 007
3000
125. 3
10
1
2 0. 04
13
144
7. 0
307
100
0. 011
0 . 010
3500
150. 2
11
2
2 0. 04
13
175
5. 8
301
141
0. 016
0 . 014
4000
176. 3
12
2
3 0. 04
13
207
4.9
296
191
0. 022
0 . 020
4500
203. 5
13
2
3 0. 04
13
240
4. 2
291
251
0. 030
0 . 027
5000
232. 1
14
2
4 0. 04
14
276
3. 6
287
320
0. 041
0 . 035
5500
262. 1
15
3
4 0. 04
14
313
3. 2
283
401
0. 054
0 . 047
6000
293. 7
16
3
5 0. 04
14
352
2. 8
280
495
0. 072
0 . 062
6500
327. 3
17
3
6 0. 04
15
394
2. 5
277
604
0. 097
0 . 082
7000
363. 3
19
4
6 0. 04
16
439
2. 2
274
730
0. 130
0 . 110
7500
402. 2
20
4
7 0. 05
16
486
1.9
272
877
0. 177
0 . 147
8000
445. 1
21
4
8 0. 05
17
539
1. 7
270
1051
0. 249
0 . 200
8500
493. 7
23
5
10 0. 05
18
597
1. 5
269
1262
0. 367
0 . 282
9000
551. 4
25
5
11 0. 05
20
664
1. 3
268
1529
0. 615
0 . 421
9500
628. 3
27
6
14 0. 05
21
751
1. 1
269
1908
1. 787
0 . 737
************************************************************************
9500
939 . 2
30
7
25 0. 07
22 1056
0. 6
281
3540
2 . 852
1. 80
9000 1014. 1
28
8
28 0. 08
21 1121
0. 5
284
3914
1 . 676
1. 49
8500 1070. 0
27
7
31 0. 08
20 1170
0. 4
286
4177
1 . 424
1. 34
8000 1116. 4
25
7
32 0. 08
19 1210
0. 4
288
4383
1 . 298
1. 25
7500 1156.9
24
7
34 0. 08
18 1245
0. 4
289
4551
1 . 219
1. 19
7000 1193. 2
22
7
35 0. 09
17 1277
0. 3
290
4692
1 . 164
1. 14
6500 1225.9
20
7
36 0. 09
15 1308
0. 3
291
4811
1 . 123
1. 11
6000 1255. 5
18
6
37 0. 09
14 1337
0. 3
291
4911
1 . 091
1. 08
5500 1282. 0
6
38 0. 09
12 1367
0. 2
291
4993
1 . 064
1. 05
156
(U//FOUO)
(U//FOUO)
(U//FOUO)
UNCLASSIFIED//FOR OFFICIAL USE ONLY


==================================================
FIM DO TEXTO EXTRAÍDO
