=== TEXTO EXTRAÍDO DA PÁGINA 53 ===
PDF: BR-B-UUQ_Firing_Table_Part_1
==================================================

F T 155 AR 1
TABLE F
CHARGE
PART 1
3G
PROJ , HE , M79 5
CORRECT ION FACTORS
FUZE , PD , M739 A1
1
10
11
12
13
14
15
16
17
18
19
R
RANGE CORRECT IONS FOR
A
N
MUZZLE
RANGE
A IR
A IR
PROJ WT
G
VELOC I TY
WI ND
TEMP
DENS I TY
OF 1 SQ
E
1 M / S
1 KNOT
1 PCT
1 PCT
( 4 SQ STD)
DEC
I NC
HEAD
TA I L
DEC
I NC
DEC
I NC
DEC
I NC
M
M
M
M
M
M
M
M
M
M
M
0
0. 0
0. 0
0. 0
0. 0
0. 0
0. 0
0. 0
0. 0
0
0
100
0.9
0 . 8
0. 0
0. 0
0. 0
0. 0
0. 0
0. 0
1
1
200
1. 7
1 . 5
0. 0
0. 0
0. 0
0. 0
0. 0
0. 0
2
2
300
2. 6
2 . 3
0. 0
0. 0
0. 0
0. 0
0. 0
0. 0
3
3
400
3. 4
3 . 0
0. 0
0. 0
0. 0
0. 0
0. 0
0. 0
4
4
500
4. 2
3 . 8
0. 1
0. 0
0. 0
0. 0
0 . 1
0. 1
5
5
600
5. 1
4 . 5
0. 1
0 . 1
0. 0
0. 0
0 . 1
0. 1
6
6
700
5.9
5 . 2
0. 1
0 . 1
0. 0
0. 0
0 . 1
0. 1
7
7
800
6. 7
6 . 0
0. 1
0 . 1
0. 0
0. 0
0 . 2
0. 2
8
8
900
7. 5
6 . 7
0. 1
0 . 1
0. 0
0. 0
0 . 2
0. 2
9
9
1000
8. 4
7 . 4
0. 2
0 . 1
0. 0
0. 0
0 . 3
0. 3
10
10
1100
9 . 2
8 . 2
0. 2
0 . 2
0. 0
0. 0
0 . 3
0. 3
11
11
1200
10. 0
8 . 9
0. 2
0 . 2
0. 0
0. 0
0 . 4
0. 4
12
12
1300
10. 8
9 . 6
0. 2
0 . 2
0. 0
0. 0
0 . 5
0. 5
12
13
1400
11. 6
10 . 3
0. 3
0 . 2
0. 0
0. 0
0 . 5
0. 5
13
14
1500
12. 4
11 . 0
0. 3
0 . 3
0. 0
0. 0
0 . 6
0. 6
14
15
1600
13. 1
11 . 7
0. 3
0 . 3
0. 0
0. 0
0 . 7
0. 7
15
16
1700
13.9
12 . 4
0. 4
0 . 3
0. 0
0. 0
0 . 8
0. 8
16
16
1800
14. 7
13 . 1
0. 4
0 . 4
0. 0
0. 0
0 . 9
0.9
17
17
1900
15. 5
13 . 8
0. 5
0 . 4
0. 0
0. 0
1 . 0
1. 0
18
18
2000
16. 2
14 . 5
0. 5
0 . 5
0. 0
0. 0
1 . 1
1. 1
18
19
2100
17. 0
15 . 2
0. 6
0 . 5
0. 0
0. 0
1 . 2
1. 2
19
20
2200
17. 8
15 . 9
0. 6
0 . 5
0. 0
0. 0
1 . 3
1. 3
20
21
2300
18. 5
16 . 5
0. 7
0 . 6
0. 0
0. 0
1 . 4
1. 4
21
21
2400
19 . 3
17 . 2
0. 7
0 . 6
0. 0
0. 0
1 . 5
1. 6
22
22
2500
20. 0
17 . 9
0. 8
0 . 7
0. 0
0. 0
1 . 7
1. 7
22
23
2600
20. 7
18 . 6
0. 8
0 . 7
0. 0
0. 0
1 . 8
1. 8
23
24
2700
21. 5
19 . 2
0.9
0 . 8
0. 0
0. 0
1 . 9
2. 0
24
25
2800
22. 2
19 . 9
0.9
0 . 8
0. 0
0. 0
2 . 1
2. 1
25
25
2900
22.9
20 . 6
1. 0
0 . 9
0. 0
0. 0
2 . 2
2. 3
25
26
3000
23. 7
21 . 2
1. 1
1 . 0
0. 0
0. 0
2 . 4
2. 4
26
27
3100
24. 4
21 . 9
1. 2
1 . 0
0. 0
0. 0
2 . 5
2. 6
27
28
3200
25. 1
22 . 5
1. 2
1 . 1
0. 0
0. 0
2 . 7
2. 7
27
28
3300
25. 8
23 . 2
1. 3
1 . 1
0. 0
0. 0
2 . 9
2.9
28
29
3400
26. 5
23 . 8
1. 4
1 . 2
0. 0
0. 0
3 . 0
3. 1
29
30
3500
27. 2
24 . 5
1. 5
1 . 3
0. 0
0. 0
3 . 2
3. 3
29
30
15
(U//FOUO)
(U//FOUO)
(U//FOUO)
UNCLASSIFIED//FOR OFFICIAL USE ONLY


==================================================
FIM DO TEXTO EXTRAÍDO
