=== TEXTO EXTRAÍDO DA PÁGINA 120 ===
PDF: BR-B-UUQ_Firing_Table_Part_1
==================================================

CHARGE
TABLE F
F T 155 AR 1
5G
PART 1
BAS I C DATA
PROJ , HE , M79 5
FUZE , PD , M739 A1
1
2
3
4
5
6
7
8
9
R
E
FS FOR
DFS
DR
F
T IME
AZ IMUTH
A
L
GRAZE
PER
PER
O
OF
CORRECT IONS
N
E
BURST
10 M
1 M I L
R
FL I GHT
G
V
DEC
D ELEV
K
DR I F T
CW
E
FUZE
HOB
( CORR
OF
M582
TO L )
1 KNOT
M
M I L
M
M I L
SEC
M I L
M I L
7500
1087. 2
56. 1
0. 04
10
8
56. 1
50. 3
0. 80
7400
1097. 4
56. 4
0. 04
10
8
56. 4
51.9
0. 82
7300
1107. 4
56. 7
0. 04
10
7
56. 7
53. 5
0. 84
7200
1117. 0
57. 0
0. 04
11
7
57. 0
55. 1
0. 86
7100
1126. 3
57. 3
0. 04
11
7
57. 3
56. 8
0. 87
7000
1135. 5
57. 5
0. 04
11
7
57. 5
58. 5
0. 89
6900
1144. 3
57. 8
0. 04
11
6
57. 8
60. 2
0.91
6800
1153. 0
58. 0
0. 04
12
6
58. 0
62. 0
0.94
6700
1161. 4
58. 2
0. 04
12
6
58. 2
63. 8
0.96
6600
1169 . 7
58. 5
0. 04
12
6
58. 5
65. 7
0.98
6500
1177. 7
58. 7
0. 04
13
5
58. 7
67. 7
1. 00
6400
1185. 6
58.9
0. 04
13
5
58.9
69 . 8
1. 03
6300
1193. 3
59 . 1
0. 04
13
5
59 . 1
71.9
1. 06
6200
1200.9
59 . 3
0. 04
13
5
59 . 3
74. 2
1. 08
6100
1208. 2
59 . 5
0. 04
14
5
59 . 5
76. 5
1. 11
6000
1215. 5
59 . 7
0. 04
14
4
59 . 7
79 . 0
1. 15
5900
1222. 6
59 .9
0. 04
14
4
59 .9
81. 7
1. 18
5800
1229 . 5
60. 1
0. 04
15
4
60. 1
84. 5
1. 22
5700
1236. 3
60. 2
0. 04
15
4
60. 2
87. 4
1. 26
5600
1242.9
60. 4
0. 04
15
4
60. 4
90. 6
1. 30
5500
1249 . 4
60. 6
0. 04
16
4
60. 6
94. 1
1. 34
5400
1255. 7
60. 7
0. 04
16
3
60. 7
97. 8
1. 39
5300
1261.9
60.9
0. 04
16
3
60.9
101.9
1. 45
5200
1268. 0
61. 0
0. 04
17
3
61. 0
106. 3
1. 51
5100
1273. 8
61. 2
0. 04
17
3
61. 2
111. 2
1. 58
5000
1279 . 6
61. 4
0. 04
18
61. 4
116. 7
1. 65
4900
1285. 1
61. 5
0. 04
18
61. 5
122. 7
1. 74
4800
1290. 5
61. 7
0. 04
19
61. 7
129 . 4
4700
1295. 7
61. 8
0. 04
61. 8
137. 0
4615
1300. 0
82
(U//FOUO)
(U//FOUO)
(U//FOUO)
UNCLASSIFIED//FOR OFFICIAL USE ONLY


==================================================
FIM DO TEXTO EXTRAÍDO
