=== TEXTO EXTRAÍDO DA PÁGINA 185 ===
PDF: BR-B-UUQ_Firing_Table_Part_1
==================================================

F T 155 AR 1
TABLE F
CHARGE
PART 1
5W
PROJ , HE , M79 5
CORRECT ION FACTORS
FUZE , PD , M739 A1
1
10
11
12
13
14
15
16
17
18
19
R
RANGE CORRECT IONS FOR
A
N
MUZZLE
RANGE
A IR
A IR
PROJ WT
G
VELOC I TY
WI ND
TEMP
DENS I TY
OF 1 SQ
E
1 M / S
1 KNOT
1 PCT
1 PCT
( 4 SQ STD)
DEC
I NC
HEAD
TA I L
DEC
I NC
DEC
I NC
DEC
I NC
M
M
M
M
M
M
M
M
M
M
M
0
0. 0
0. 0
0. 0
0. 0
0. 0
0. 0
0. 0
0. 0
0
0
100
0. 6
0 . 5
0. 0
0. 0
0. 0
0. 0
0. 0
0. 0
1
1
200
1. 1
1 . 0
0. 0
0. 0
0. 0
0. 0
0. 0
0. 0
2
2
300
1. 6
1 . 5
0. 0
0. 0
0. 0
0. 0
0. 0
0. 1
3
3
400
2. 1
2 . 0
0. 0
0. 0
0. 0
0. 0
0 . 1
0. 1
3
3
500
2. 6
2 . 5
0. 0
0 . 1
0. 0
0 . 1
0 . 2
0. 2
4
4
600
3. 1
2 . 9
0. 0
0 . 1
0. 0
0 . 1
0 . 2
0. 2
5
5
700
3. 6
3 . 4
0. 1
0 . 1
0. 0
0 . 2
0 . 3
0. 3
6
6
800
4. 0
3 . 8
0. 1
0 . 2
0. 0
0 . 3
0 . 4
0. 4
6
6
900
4. 5
4 . 3
0. 1
0 . 2
0. 0
0 . 4
0 . 5
0. 5
7
7
1000
4.9
4 . 7
0. 2
0 . 3
0. 1
0 . 5
0 . 6
0. 6
7
8
1100
5. 3
5 . 1
0. 2
0 . 3
0. 1
0 . 6
0 . 7
0. 7
8
8
1200
5. 7
5 . 5
0. 3
0 . 4
0. 2
0 . 8
0 . 8
0. 8
8
9
1300
6. 1
5 . 9
0. 3
0 . 5
0. 2
0 . 9
1 . 0
1. 0
9
9
1400
6. 5
6 . 3
0. 4
0 . 6
0. 3
1 . 1
1 . 1
1. 1
10
10
1500
6.9
6 . 7
0. 4
0 . 6
0. 4
1 . 3
1 . 3
1. 2
10
10
1600
7. 2
7 . 1
0. 5
0 . 7
0. 6
1 . 5
1 . 4
1. 4
10
11
1700
7. 6
7 . 4
0. 6
0 . 8
0. 7
1 . 7
1 . 6
1. 5
11
11
1800
7.9
7 . 8
0. 7
0 . 9
0.9
1 . 9
1 . 7
1. 7
11
12
1900
8. 3
8 . 1
0. 8
1 . 0
1. 0
2 . 1
1 . 9
1.9
12
12
2000
8. 6
8 . 4
0.9
1 . 1
1. 2
2 . 4
2 . 0
2. 0
12
12
2100
8.9
8 . 7
1. 0
1 . 3
1. 4
2 . 6
2 . 2
2. 2
12
13
2200
9 . 2
9 . 0
1. 1
1 . 4
1. 6
2 . 9
2 . 4
2. 4
13
13
2300
9 . 5
9 . 3
1. 2
1 . 5
1.9
3 . 2
2 . 6
2. 5
13
13
2400
9 . 8
9 . 6
1. 3
1 . 6
2. 1
3 . 4
2 . 8
2. 7
13
14
2500
10. 0
9 . 9
1. 5
1 . 7
2. 4
3 . 7
3 . 0
2.9
13
14
2600
10. 3
10 . 2
1. 6
1 . 9
2. 6
4 . 0
3 . 1
3. 1
14
14
2700
10. 6
10 . 5
1. 7
2 . 0
2.9
4 . 3
3 . 3
3. 3
14
14
2800
10. 8
10 . 7
1.9
2 . 1
3. 2
4 . 6
3 . 5
3. 5
14
15
2900
11. 1
11 . 0
2. 0
2 . 3
3. 5
5 . 0
3 . 7
3. 7
14
15
3000
11. 3
11 . 2
2. 2
2 . 4
3. 8
5 . 3
3 . 9
3.9
15
15
3100
11. 6
11 . 5
2. 3
2 . 6
4. 2
5 . 6
4 . 2
4. 1
15
15
3200
11. 8
11 . 7
2. 5
2 . 7
4. 5
6 . 0
4 . 4
4. 3
15
16
3300
12. 0
11 . 9
2. 7
2 . 9
4.9
6 . 3
4 . 6
4. 5
15
16
3400
12. 3
12 . 2
2. 8
3 . 0
5. 2
6 . 7
4 . 8
4. 7
15
16
3500
12. 5
12 . 4
3. 0
3 . 2
5. 6
7 . 0
5 . 0
4.9
15
16
147
(U//FOUO)
(U//FOUO)
(U//FOUO)
UNCLASSIFIED//FOR OFFICIAL USE ONLY


==================================================
FIM DO TEXTO EXTRAÍDO
