=== TEXTO EXTRAÍDO DA PÁGINA 52 ===
PDF: BR-B-UUQ_Firing_Table_Part_1
==================================================

CHARGE
TABLE F
F T 155 AR 1
3G
PART 1
BAS I C DATA
PROJ , HE , M79 5
FUZE , PD , M739 A1
1
2
3
4
5
6
7
8
9
R
E
FS FOR
DFS
DR
F
T IME
AZ IMUTH
A
L
GRAZE
PER
PER
O
OF
CORRECT IONS
N
E
BURST
10 M
1 M I L
R
FL I GHT
G
V
DEC
D ELEV
K
DR I F T
CW
E
FUZE
HOB
( CORR
OF
M582
TO L )
1 KNOT
M
M I L
M
M I L
SEC
M I L
M I L
0
0. 0
12
1
0. 0
0. 0
0. 00
100
8. 2
12
1
0. 4
0. 2
0. 00
200
16. 4
12
1
0. 8
0. 3
0. 01
300
24. 6
12
1
1. 2
0. 5
0. 01
400
32.9
1. 6
1. 26
12
1
1. 6
0. 6
0. 02
500
41. 3
2. 0
1. 01
12
1
2. 0
0. 8
0. 02
600
49 . 7
2. 5
0. 84
12
1
2. 5
1. 0
0. 03
700
58. 2
2.9
0. 72
12
2
2.9
1. 1
0. 03
800
66. 7
3. 3
0. 62
12
2
3. 3
1. 3
0. 04
900
75. 3
3. 7
0. 55
12
2
3. 7
1. 5
0. 04
1000
84. 0
4. 2
0. 50
11
2
4. 2
1. 6
0. 05
1100
92. 8
4. 6
0. 45
11
2
4. 6
1. 8
0. 05
1200
101. 6
5. 0
0. 41
11
2
5. 0
2. 0
0. 06
1300
110. 5
5. 4
0. 38
11
3
5. 4
2. 2
0. 06
1400
119 . 5
5.9
0. 35
11
3
5.9
2. 3
0. 07
1500
128. 6
6. 3
0. 33
11
3
6. 3
2. 5
0. 07
1600
137. 8
6. 8
0. 31
11
3
6. 8
2. 7
0. 07
1700
147. 0
7. 2
0. 29
11
3
7. 2
2.9
0. 08
1800
156. 4
7. 7
0. 27
11
4
7. 7
3. 1
0. 08
1900
165.9
8. 1
0. 26
10
4
8. 1
3. 3
0. 09
2000
175. 5
8. 6
0. 24
10
4
8. 6
3. 5
0. 09
2100
185. 2
9 . 0
0. 23
10
4
9 . 0
3. 7
0. 10
2200
195. 1
9 . 5
0. 22
10
5
9 . 5
3.9
0. 10
2300
205. 0
10. 0
0. 21
10
5
10. 0
4. 1
0. 11
2400
215. 2
10. 5
0. 20
10
5
10. 5
4. 3
0. 11
2500
225. 4
10.9
0. 19
10
5
10.9
4. 5
0. 12
2600
235. 8
11. 4
0. 18
10
6
11. 4
4. 8
0. 12
2700
246. 4
11.9
0. 18
9
6
11.9
5. 0
0. 13
2800
257. 2
12. 4
0. 17
9
6
12. 4
5. 2
0. 13
2900
268. 1
12.9
0. 16
9
7
12.9
5. 5
0. 14
3000
279 . 3
13. 4
0. 16
9
7
13. 4
5. 7
0. 15
3100
290. 7
14. 0
0. 15
9
7
14. 0
6. 0
0. 15
3200
302. 3
14. 5
0. 14
9
8
14. 5
6. 3
0. 16
3300
314. 1
15. 0
0. 14
8
8
15. 0
6. 5
0. 16
3400
326. 2
15. 6
0. 13
8
9
15. 6
6. 8
0. 17
3500
338. 6
16. 1
0. 13
8
9
16. 1
7. 1
0. 17
14
(U//FOUO)
(U//FOUO)
(U//FOUO)
UNCLASSIFIED//FOR OFFICIAL USE ONLY


==================================================
FIM DO TEXTO EXTRAÍDO
