=== TEXTO EXTRAÍDO DA PÁGINA 257 ===
PDF: BR-B-UUQ_Firing_Table_Part_1
==================================================

2
3
3
F T 155 AR 1
TABLE B
CHARGE
PART 1
7W
PROJ , HE , M79 5
COMPLEMENTARY RANGE
FUZE , PD , M739 A1
L I NE NUMBER
CHANGE
I N RANGE ,
I N METERS
TO CORRECT FOR COMPLEMENTARY ANGLE OF S I TE
L I NE NUMBERS OF METEOROLOG I CAL MESSAGE
HE I GHT OF TARGET ABOVE GUN
METERS
RANGE
L I NE
400
500
600
700
800
9 00
1000
METERS
NO.
14
20
26
33
41
49
58
3500
14
20
26
33
41
50
59
3600
14
20
27
34
42
50
60
3700
15
21
27
34
42
51
60
3800
15
21
27
35
43
52
61
3900
15
21
28
35
43
52
62
4000
16
22
28
36
44
53
63
4100
16
22
29
36
45
54
63
4200
16
22
29
37
45
54
64
4300
16
23
30
37
46
55
65
4400
17
23
30
38
46
56
66
4500
17
23
30
38
47
56
66
4600
17
24
31
39
48
57
67
4700
18
24
31
39
48
58
68
4800
18
24
32
40
49
58
69
4900
18
25
32
41
49
59
70
5000
19
25
33
41
50
60
70
5100
19
26
33
42
51
61
71
5200
19
26
34
42
51
61
72
5300
20
27
34
43
52
62
73
5400
20
27
35
44
53
63
74
5500
20
28
35
44
54
64
75
5600
21
28
36
45
54
65
76
5700
21
28
37
45
55
65
76
5800
22
29
37
46
56
66
77
5900
22
29
38
47
57
67
78
6000
22
30
38
48
57
68
79
6100
23
31
39
48
58
69
80
6200
23
31
40
49
59
70
81
6300
24
32
40
50
60
71
82
6400
24
32
41
51
61
72
84
6500
25
33
42
51
62
73
85
6600
25
33
42
52
63
74
86
6700
26
34
43
53
64
75
87
6800
26
35
44
54
65
76
88
6900
27
35
45
55
66
77
90
7000
219
(U//FOUO)
(U//FOUO)
(U//FOUO)
UNCLASSIFIED//FOR OFFICIAL USE ONLY


==================================================
FIM DO TEXTO EXTRAÍDO
