=== TEXTO EXTRAÍDO DA PÁGINA 216 ===
PDF: BR-B-UUQ_Firing_Table_Part_1
==================================================

4
5
7
8
8
CHARGE
TABLE B
F T 155 AR 1
6W
PART 1
COMPLEMENTARY RANGE
PROJ , HE , M79 5
L I NE NUMBER
FUZE , PD , M739 A1
CHANGE
I N RANGE ,
I N METERS
TO CORRECT FOR COMPLEMENTARY ANGLE OF S I TE
L I NE NUMBERS OF METEOROLOG I CAL MESSAGE
L I NE
RANGE
HE I GHT OF TARGET ABOVE GUN
METERS
NO.
METERS
400
300
200
100
0
100
200
300
10500
119
91
62
32
0
34
69
107
10600
123
95
65
33
0
35
72
111
10700
127
98
67
34
0
36
75
115
10800
132
102
70
36
0
38
78
120
10900
137
106
72
37
0
39
81
125
11000
142
110
75
39
0
41
84
130
11100
148
114
78
40
0
42
88
136
11200
154
119
81
42
0
44
92
144
11300
160
123
84
44
0
47
97
153
11400
166
128
88
45
0
50
104
163
11500
173
134
93
48
0
53
111
176
11600
182
141
98
51
0
57
120
197
11700
192
150
104
55
0
62
137
11800
203
159
111
59
0
*****************************************************************
11800
431
311
198
94
0
11700
450
327
210
101
0
90
163
11600
469
341
220
106
0
98
184
254
11500
487
355
230
111
0
103
198
281
11400
504
368
239
116
0
109
209
300
11300
521
381
248
121
0
114
220
317
11200
538
394
256
125
0
118
229
332
11100
554
406
265
129
0
123
238
346
11000
570
419
273
133
0
127
247
360
10900
586
431
281
137
0
131
255
373
10800
602
443
289
141
0
135
264
385
10700
618
455
297
146
0
139
272
398
10600
634
467
305
150
0
143
280
410
10500
651
479
313
154
0
147
288
422
10400
667
491
321
158
0
151
296
434
10300
684
503
329
162
0
155
304
446
10200
700
516
338
166
0
159
312
458
10100
717
528
346
170
0
163
320
470
10000
734
541
354
174
0
167
328
483
178
(U//FOUO)
(U//FOUO)
(U//FOUO)
UNCLASSIFIED//FOR OFFICIAL USE ONLY


==================================================
FIM DO TEXTO EXTRAÍDO
