=== TEXTO EXTRAÍDO DA PÁGINA 178 ===
PDF: BR-B-UUQ_Firing_Table_Part_1
==================================================

7
8
8
CHARGE
TABLE B
F T 155 AR 1
5W
PART 1
COMPLEMENTARY RANGE
PROJ , HE , M79 5
L I NE NUMBER
FUZE , PD , M739 A1
CHANGE
I N RANGE ,
I N METERS
TO CORRECT FOR COMPLEMENTARY ANGLE OF S I TE
L I NE NUMBERS OF METEOROLOG I CAL MESSAGE
L I NE
RANGE
HE I GHT OF TARGET ABOVE GUN
METERS
NO.
METERS
400
300
200
100
0
100
200
300
9500
529
386
250
121
0
112
215
305
9400
548
400
259
126
0
118
227
325
9300
566
414
269
131
0
123
237
342
9200
584
428
278
135
0
128
248
359
9100
602
442
287
140
0
133
257
374
9000
621
455
296
145
0
137
267
388
8900
639
469
306
149
0
142
276
403
8800
657
483
315
154
0
147
286
417
8700
676
496
324
158
0
151
295
431
8600
694
510
333
163
0
156
304
445
8500
713
525
343
168
0
160
313
458
8400
733
539
352
172
0
165
322
472
8300
752
553
362
177
0
170
332
486
8200
773
568
371
182
0
174
341
500
8100
793
583
381
187
0
179
350
514
8000
814
599
391
192
0
184
360
528
7900
836
615
402
197
0
189
370
543
7800
858
631
412
202
0
194
380
557
7700
882
648
423
207
0
199
390
572
7600
906
665
435
213
0
204
400
587
7500
931
683
446
219
0
209
410
603
7400
957
702
458
224
0
215
421
618
7300
984
722
471
230
0
221
432
635
7200
1013
742
484
237
0
226
444
651
7100
1043
763
497
243
0
232
455
668
7000
1076
786
511
250
0
239
467
686
6900
1111
810
526
257
0
245
480
704
6800
1148
835
542
264
0
252
492
722
6700
1189
862
559
272
0
259
506
742
6600
1233
892
576
280
0
266
520
761
6500
1282
923
595
289
0
274
534
782
6400
958
615
298
0
281
549
804
6300
996
637
308
0
290
565
826
6200
1038
661
318
0
298
581
849
6100
687
329
0
308
598
874
6000
716
342
0
317
616
899
140
(U//FOUO)
(U//FOUO)
(U//FOUO)
UNCLASSIFIED//FOR OFFICIAL USE ONLY


==================================================
FIM DO TEXTO EXTRAÍDO
