=== TEXTO EXTRAÍDO DA PÁGINA 122 ===
PDF: BR-B-UUQ_Firing_Table_Part_1
==================================================

CHARGE
TABLE G
F T 155 AR 1
5G
PART 1
SUPPLEMENTARY DATA
PROJ , HE , M79 5
FUZE , PD , M739 A1
1
2
3
4
5
6
7
8
9
10
11
12
13
R
E
PROBABLE ERRORS
ANGLE
COT
TML
MO
COMP S I TE
A
L
OF
ANGLE VEL
FOR
N
E
FUZE M582
FALL
OF
ANGLE OF S I TE
G
V
FALL
+1 M I L
1 M I L
E
R
D
HB
TB
RB
S I TE
S I TE
M
M I L
M
M
M
SEC
M
M I L
M / S
M
M I L
M I L
0
0. 0
5
0
0
346
0
0. 000
0. 00
500
21. 5
5
0
22
46. 2
333
3
0. 000
0. 00
1000
44. 1
5
0
1 0. 04
13
46
22. 0
322
11
0. 002
0 . 001
1500
67. 7
5
1
1 0. 04
13
72
14. 0
313
26
0. 004
0 . 003
2000
92. 5
6
1
1 0. 04
12
100
10. 1
306
47
0. 007
0 . 006
2500
118. 3
6
1
2 0. 04
12
130
7. 8
299
77
0. 011
0 . 010
3000
145. 2
7
1
2 0. 04
12
161
6. 3
294
114
0. 016
0 . 015
3500
173. 2
8
2
2 0. 04
12
195
5. 2
288
160
0. 024
0 . 021
4000
202. 6
8
2
3 0. 04
12
230
4. 4
284
216
0. 033
0 . 030
4500
233. 4
9
2
3 0. 04
12
267
3. 7
279
282
0. 046
0 . 041
5000
265. 8
10
2
4 0. 04
12
306
3. 2
275
361
0. 063
0 . 056
5500
300. 2
11
3
4 0. 04
13
348
2. 8
271
453
0. 086
0 . 076
6000
337. 0
12
3
5 0. 04
13
393
2. 5
268
562
0. 117
0 . 102
6500
376. 8
14
3
6 0. 04
14
442
2. 2
265
690
0. 162
0 . 137
7000
420. 7
15
4
6 0. 04
14
496
1.9
262
844
0. 229
0 . 189
7500
470. 3
16
4
7 0. 05
15
555
1. 6
260
1031
0. 338
0 . 267
8000
529 . 1
18
5
9 0. 05
16
625
1. 4
259
1269
0. 551
0 . 400
8500
605.9
20
5
11 0. 05
17
713
1. 2
259
1602
1. 288
0 . 681
************************************************************************
8500
954. 1
22
7
21 0. 07
18 1060
0. 6
270
3226
2 . 334
1. 73
8000 1029 . 7
21
7
23 0. 07
17 1127
0. 5
272
3558
1 . 592
1. 44
7500 1087. 2
20
7
25 0. 07
16 1177
0. 4
274
3794
1 . 375
1. 30
7000 1135. 5
18
7
26 0. 08
15 1220
0. 4
275
3979
1 . 262
1. 22
6500 1177. 7
17
6
27 0. 08
14 1258
0. 3
276
4130
1 . 189
1. 16
6000 1215. 5
15
6
28 0. 08
12 1293
0. 3
277
4255
1 . 138
1. 12
5500 1249 . 4
14
6
29 0. 08
11 1326
0. 3
278
4359
1 . 100
1. 09
5000 1279 . 6
6
30 0. 08
10 1359
0. 2
278
4444
1 . 069
1. 06
84
(U//FOUO)
(U//FOUO)
(U//FOUO)
UNCLASSIFIED//FOR OFFICIAL USE ONLY


==================================================
FIM DO TEXTO EXTRAÍDO
