=== TEXTO EXTRAÍDO DA PÁGINA 154 ===
PDF: BR-B-UUQ_Firing_Table_Part_1
==================================================

CHARGE
TABLE F
F T 155 AR 1
4W
PART 1
BAS I C DATA
PROJ , HE , M79 5
FUZE , PD , M739 A1
1
2
3
4
5
6
7
8
9
R
E
FS FOR
DFS
DR
F
T IME
AZ IMUTH
A
L
GRAZE
PER
PER
O
OF
CORRECT IONS
N
E
BURST
10 M
1 M I L
R
FL I GHT
G
V
DEC
D ELEV
K
DR I F T
CW
E
FUZE
HOB
( CORR
OF
M582
TO L )
1 KNOT
M
M I L
M
M I L
SEC
M I L
M I L
6000
1166. 5
55. 4
0. 04
11
9
55. 4
62. 0
0. 89
5900
1175. 4
55. 6
0. 04
11
9
55. 6
64. 0
0.91
5800
1184. 0
55. 8
0. 04
12
8
55. 8
66. 2
0.94
5700
1192. 5
56. 1
0. 04
12
8
56. 1
68. 4
0.97
5600
1200. 8
56. 3
0. 04
12
8
56. 3
70. 8
1. 00
5500
1208.9
56. 5
0. 04
13
7
56. 5
73. 3
1. 03
5400
1216. 8
56. 6
0. 04
13
7
56. 6
75.9
1. 07
5300
1224. 5
56. 8
0. 04
13
7
56. 8
78. 8
1. 10
5200
1232. 0
57. 0
0. 04
13
7
57. 0
81. 8
1. 14
5100
1239 . 4
57. 2
0. 04
14
6
57. 2
85. 1
1. 19
5000
1246. 6
57. 3
0. 04
14
6
57. 3
88. 6
1. 23
4900
1253. 6
57. 5
0. 04
14
6
57. 5
92. 5
1. 29
4800
1260. 5
57. 7
0. 04
15
5
57. 7
96. 8
1. 34
4700
1267. 2
57. 8
0. 04
15
5
57. 8
101. 5
1. 41
4600
1273. 6
58. 0
0. 04
16
5
58. 0
106. 7
1. 48
4500
1279 .9
58. 2
0. 04
16
58. 2
112. 6
1. 56
4400
1286. 0
58. 3
0. 04
17
58. 3
119 . 2
1. 66
4300
1291.9
58. 5
0. 04
17
58. 5
126. 8
4200
1297. 6
58. 7
0. 04
58. 7
135. 3
4156
1300. 0
116
(U//FOUO)
(U//FOUO)
(U//FOUO)
UNCLASSIFIED//FOR OFFICIAL USE ONLY


==================================================
FIM DO TEXTO EXTRAÍDO
