=== TEXTO EXTRAÍDO DA PÁGINA 140 ===
PDF: BR-B-UUQ_Firing_Table_Part_1
==================================================

0
1
2
2
3
CHARGE
TABLE B
F T 155 AR 1
4W
PART 1
COMPLEMENTARY RANGE
PROJ , HE , M79 5
L I NE NUMBER
FUZE , PD , M739 A1
CHANGE
I N RANGE ,
I N METERS
TO CORRECT FOR COMPLEMENTARY ANGLE OF S I TE
L I NE NUMBERS OF METEOROLOG I CAL MESSAGE
L I NE
RANGE
HE I GHT OF TARGET ABOVE GUN
METERS
NO.
METERS
400
300
200
100
0
100
200
300
3500
52
40
28
14
0
15
31
48
3600
54
42
29
15
0
16
32
49
3700
56
44
30
15
0
16
33
51
3800
59
45
31
16
0
17
34
53
3900
61
47
32
16
0
17
35
54
4000
63
48
33
17
0
18
37
56
4100
65
50
34
17
0
18
38
58
4200
67
52
35
18
0
19
39
60
4300
70
53
36
19
0
20
40
62
4400
72
55
38
19
0
20
41
64
4500
74
57
39
20
0
21
43
66
4600
77
59
40
20
0
22
44
68
4700
79
61
41
21
0
22
45
70
4800
82
63
43
22
0
23
47
72
4900
84
64
44
22
0
24
48
74
5000
87
66
45
23
0
24
50
76
5100
89
68
47
24
0
25
51
78
5200
92
70
48
24
0
26
53
81
5300
95
73
49
25
0
27
54
83
5400
98
75
51
26
0
27
56
86
5500
100
77
52
27
0
28
58
88
5600
103
79
54
27
0
29
59
91
5700
106
81
55
28
0
30
61
94
5800
109
84
57
29
0
31
63
97
5900
112
86
59
30
0
32
65
100
6000
116
89
60
31
0
33
67
103
6100
119
91
62
32
0
34
69
106
6200
123
94
64
33
0
35
71
109
6300
127
97
66
34
0
36
73
113
6400
131
100
69
35
0
37
76
116
6500
135
103
71
36
0
38
78
120
6600
139
107
73
37
0
39
81
124
6700
143
110
75
38
0
41
83
128
6800
148
113
77
40
0
42
86
132
6900
152
117
80
41
0
43
89
137
7000
157
121
82
42
0
45
92
142
102
(U//FOUO)
(U//FOUO)
(U//FOUO)
UNCLASSIFIED//FOR OFFICIAL USE ONLY


==================================================
FIM DO TEXTO EXTRAÍDO
