=== TEXTO EXTRAÍDO DA PÁGINA 45 ===
PDF: BR-B-UUQ_Firing_Table_Part_1
==================================================

2
3
3
F T 155 AR 1
TABLE B
CHARGE
PART 1
3G
PROJ , HE , M79 5
COMPLEMENTARY RANGE
FUZE , PD , M739 A1
L I NE NUMBER
CHANGE
I N RANGE ,
I N METERS
TO CORRECT FOR COMPLEMENTARY ANGLE OF S I TE
L I NE NUMBERS OF METEOROLOG I CAL MESSAGE
HE I GHT OF TARGET ABOVE GUN
METERS
RANGE
L I NE
400
500
600
700
800
9 00
1000
METERS
NO.
0
4
100
8
11
13
16
19
22
200
12
16
19
23
28
32
37
300
15
20
25
30
36
42
48
400
19
25
31
37
44
51
59
500
22
29
36
44
52
61
70
600
26
34
42
51
60
70
80
700
29
38
47
57
68
79
91
800
33
42
53
64
75
88
101
900
36
47
58
70
83
97
111
1000
39
51
64
77
91
106
121
1100
43
56
69
83
98
115
132
1200
46
60
75
90
106
124
142
1300
50
65
80
97
114
133
153
1400
54
69
86
103
122
142
163
1500
57
74
92
110
130
151
174
1600
61
79
97
117
138
161
185
1700
65
83
103
124
147
171
196
1800
68
88
109
131
155
180
207
1900
72
93
115
139
164
190
219
2000
76
98
121
146
173
201
231
2100
80
103
128
154
182
211
243
2200
84
109
134
162
191
222
255
2300
88
114
141
170
200
233
268
2400
93
119
148
178
210
244
281
2500
97
125
155
186
220
256
294
2600
101
131
162
195
230
268
308
2700
106
137
169
204
240
280
323
2800
111
143
177
213
251
293
338
2900
116
149
184
222
263
306
354
3000
120
155
192
232
275
320
370
3100
126
162
201
242
287
335
388
3200
131
169
210
253
300
351
406
3300
136
176
219
264
314
367
426
3400
142
184
228
276
328
385
447
3500
7
(U//FOUO)
(U//FOUO)
(U//FOUO)
UNCLASSIFIED//FOR OFFICIAL USE ONLY


==================================================
FIM DO TEXTO EXTRAÍDO
