=== TEXTO EXTRAÍDO DA PÁGINA 68 ===
PDF: BR-B-UUQ_Firing_Table_Part_1
==================================================

CHARGE
TABLE J
F T 155 AR 1
3G
PART 1
FUZE CORRECT ION FACTORS
PROJ , HE , M79 5
FUZE , MTSQ , M582
1
2
3
4
5
6
7
8
9
10
11
FS
FUZE CORRECT IONS FOR
MUZZLE
RANGE
A IR
A IR
PROJ WT
VELOC I TY
WI ND
TEMP
DENS I TY
OF 1 SQ
1 M / S
1 KNOT
1 PCT
1 PCT
( 4 SQ STD)
DEC
I NC
HEAD
TA I L
DEC
I NC
DEC
I NC
DEC
I NC
0
1
2
. 008 0. 008
0. 000 0. 000
0. 000 0. 000
0. 000 0. 000
0. 010
. 010
3
. 012 0. 012
0. 000 0. 000
0. 000 0. 000
0. 000 0. 000
0. 016
. 016
4
. 016 0. 016
0. 000 0. 000
0. 000 0. 000
0. 000 0. 000
0. 021
. 021
5
. 020 0. 020
0. 000 0. 000
0. 000 0. 000
0. 000 0. 000
0. 026
. 026
6
. 024 0. 024
0. 000 0. 000
0. 000 0. 000
0. 001
. 001
0. 030
. 030
7
. 028 0. 028
0. 000 0. 000
0. 000 0. 000
0. 001
. 001
0. 035
. 035
8
. 032 0. 031
. 001 0. 001
0. 000 0. 000
0. 001
. 001
0. 040
. 040
9
. 035 0. 035
. 001 0. 001
0. 000 0. 000
0. 001
. 001
0. 045
. 045
10
. 039 0. 039
. 001 0. 001
0. 000 0. 000
0. 002
. 002
0. 049
. 050
11
. 043 0. 043
. 001 0. 001
0. 000 0. 000
0. 002
. 002
0. 054
. 054
12
. 047 0. 047
. 001 0. 001
0. 000 0. 000
0. 002
. 002
0. 059
. 059
13
. 051 0. 050
. 001 0. 001
0. 000 0. 000
0. 003
. 003
0. 063
. 063
14
. 054 0. 054
. 001 0. 001
0. 000 0. 000
0. 003
. 003
0. 067
. 068
15
. 058 0. 058
. 001 0. 001
0. 000 0. 000
0. 004
. 003
0. 072
. 072
16
. 062 0. 061
. 001 0. 001
0. 000 0. 000
0. 004
. 004
0. 076
. 077
17
. 066 0. 065
. 001 0. 002
0. 000 0. 000
0. 004
. 004
0. 081
. 081
18
. 069 0. 069
. 002 0. 002
0. 000 0. 000
0. 005
. 005
0. 085
. 085
19
. 073 0. 072
. 002 0. 002
0. 000 0. 000
0. 005
. 005
0. 089
. 090
20
. 077 0. 076
. 002 0. 002
0. 000 0. 000
0. 006
. 006
0. 093
. 094
21
. 080 0. 080
. 002 0. 002
0. 000 0. 000
0. 007
. 006
0. 097
. 098
22
. 084 0. 083
. 002 0. 002
0. 000 0. 000
0. 007
. 007
0. 102
. 102
23
. 087 0. 087
. 002 0. 002
0. 000 0. 000
0. 008
. 008
0. 106
. 106
24
. 091 0. 090
. 002 0. 003
0. 000 0. 000
0. 008
. 008
0. 110
. 111
25
. 095 0. 094
. 003 0. 003
0. 000 0. 000
0. 009
. 009
0. 114
. 115
26
. 098 0. 098
. 003 0. 003
0. 000 0. 000
0. 009
. 009
0. 118
. 119
27
. 102 0. 101
. 003 0. 003
0. 000 0. 000
0. 010
. 010
0. 122
. 123
28
. 106 0. 105
. 003 0. 003
0. 000 0. 000
0. 011
. 011
0. 126
. 127
29
. 109 0. 108
. 003 0. 003
0. 000 0. 000
0. 011
. 011
0. 130
. 131
30
. 113 0. 112
. 003 0. 004
0. 000 0. 000
0. 012
. 012
0. 134
. 135
31
. 116 0. 115
. 003 0. 004
0. 000 0. 000
0. 013
. 013
0. 138
. 139
32
. 120 0. 119
. 004 0. 004
0. 000 0. 000
0. 013
. 013
0. 142
. 143
33
. 123 0. 122
. 004 0. 004
0. 000 0. 000
0. 014
. 014
0. 146
. 147
34
. 127 0. 126
. 004 0. 004
0. 000 0. 000
0. 015
. 015
0. 150
. 152
35
. 131 0. 129
. 004 0. 004
0. 000 0. 000
0. 015
. 015
0. 154
. 156
30
(U//FOUO)
(U//FOUO)
(U//FOUO)
UNCLASSIFIED//FOR OFFICIAL USE ONLY


==================================================
FIM DO TEXTO EXTRAÍDO
