=== TEXTO EXTRAÍDO DA PÁGINA 279 ===
PDF: BR-B-UUQ_Firing_Table_Part_1
==================================================

F T 155 AR 1
TABLE F
CHARGE
PART 1
7W
PROJ , HE , M79 5
CORRECT ION FACTORS
FUZE , PD , M739 A1
1
10
11
12
13
14
15
16
17
18
19
R
RANGE CORRECT IONS FOR
A
N
MUZZLE
RANGE
A IR
A IR
PROJ WT
G
VELOC I TY
WI ND
TEMP
DENS I TY
OF 1 SQ
E
1 M / S
1 KNOT
1 PCT
1 PCT
( 4 SQ STD)
DEC
I NC
HEAD
TA I L
DEC
I NC
DEC
I NC
DEC
I NC
M
M
M
M
M
M
M
M
M
M
M
14000
27. 4
26 . 4
17 . 0
19 . 2
19 . 6
54 . 3
5
9
14100
27. 5
26 . 5
17 . 3
19 . 2
19 . 8
55 . 0
5
9
14200
28. 1
26 . 7
17 . 5
19 . 2
19 . 9
55 . 6
5
8
14300
26 . 9
17 . 7
18. 4
20 . 0
56 . 3
4
8
14400
27 . 1
17 . 9
20 . 1
56 . 9
4
8
**********************************************************************
14400
28 . 3
20 . 3
17 . 6
64 . 6
3
6
14300
28 . 1
20 . 2
17. 8
17 . 3
64 . 3
2
6
14200
28. 2
28 . 0
20 . 1
16. 8
17 . 1
63 . 9
3
5
14100
28. 2
27 . 9
20 . 0
16. 4
16 . 9
63 . 5
3
5
14000
28. 2
27 . 8
19 . 9
16. 0
16 . 7
63 . 2
2
5
13900
28. 0
27 . 6
19 . 8
15. 7
16 . 5
62 . 8
58. 3
2
5
13800
27.9
27 . 5
19 . 7
15. 4
16 . 3
62 . 4
59 . 0
2
5
13700
27. 8
27 . 3
19 . 6
15. 2
16 . 1
62 . 0
59 . 0
2
4
13600
27. 6
27 . 2
19 . 5
14.9
15 . 9
61 . 6
58.9
2
4
13500
27. 5
27 . 0
19 . 4
14. 7
15 . 8
61 . 2
58. 7
2
4
13400
27. 3
26 . 8
21. 0
19 . 3
14. 6
15 . 6
60 . 8
58. 4
2
4
13300
27. 2
26 . 7
21. 1
19 . 2
14. 4
15 . 4
60 . 4
58. 2
2
4
13200
27. 0
26 . 5
21. 1
19 . 1
14. 2
15 . 3
59 . 9
57.9
2
4
13100
26.9
26 . 3
21. 1
19 . 0
14. 0
15 . 1
59 . 5
57. 5
2
4
13000
26. 7
26 . 2
21. 1
18 . 8
13.9
15 . 0
59 . 1
57. 2
1
4
12900
26. 5
26 . 0
21. 0
18 . 7
13. 7
14 . 8
58 . 6
56.9
1
4
12800
26. 4
25 . 8
21. 0
18 . 6
13. 5
14 . 7
58 . 2
56. 5
1
4
12700
26. 2
25 . 6
20.9
18 . 5
13. 4
14 . 5
57 . 7
56. 2
1
3
12600
26. 0
25 . 4
20.9
18 . 3
13. 2
14 . 4
57 . 3
55. 8
1
3
12500
25.9
25 . 2
20. 8
18 . 2
13. 1
14 . 3
56 . 8
55. 4
1
3
12400
25. 7
25 . 0
20. 8
18 . 1
13. 0
14 . 1
56 . 4
55. 0
1
3
12300
25. 5
24 . 8
20. 7
17 . 9
12. 8
14 . 0
55 . 9
54. 6
0
3
12200
25. 3
24 . 6
20. 6
17 . 8
12. 7
13 . 9
55 . 4
54. 2
0
3
12100
25. 2
24 . 4
20. 6
17 . 6
12. 6
13 . 7
55 . 0
53. 8
0
3
12000
25. 0
24 . 2
20. 5
17 . 5
12. 4
13 . 6
54 . 5
53. 4
0
3
11900
24. 8
24 . 0
20. 4
17 . 3
12. 3
13 . 5
54 . 1
53. 0
0
3
11800
24. 6
23 . 8
20. 3
17 . 1
12. 2
13 . 4
53 . 6
52. 5
1
2
11700
24. 4
23 . 6
20. 2
17 . 0
12. 0
13 . 3
53 . 1
52. 1
1
2
11600
24. 2
23 . 4
20. 2
16 . 8
11.9
13 . 1
52 . 7
51. 7
1
2
11500
24. 0
23 . 2
20. 1
16 . 6
11. 8
13 . 0
52 . 2
51. 3
1
2
241
(U//FOUO)
(U//FOUO)
(U//FOUO)
UNCLASSIFIED//FOR OFFICIAL USE ONLY


==================================================
FIM DO TEXTO EXTRAÍDO
