=== TEXTO EXTRAÍDO DA PÁGINA 258 ===
PDF: BR-B-UUQ_Firing_Table_Part_1
==================================================

1
2
3
3
4
CHARGE
TABLE B
F T 155 AR 1
7W
PART 1
COMPLEMENTARY RANGE
PROJ , HE , M79 5
L I NE NUMBER
FUZE , PD , M739 A1
CHANGE
I N RANGE ,
I N METERS
TO CORRECT FOR COMPLEMENTARY ANGLE OF S I TE
L I NE NUMBERS OF METEOROLOG I CAL MESSAGE
L I NE
RANGE
HE I GHT OF TARGET ABOVE GUN
METERS
NO.
METERS
400
300
200
100
0
100
200
300
7000
17
14
11
6
0
5
11
19
7100
18
15
11
6
0
5
12
19
7200
19
15
11
6
0
5
12
20
7300
19
16
11
7
0
5
12
20
7400
20
16
12
7
0
5
13
20
7500
20
17
12
7
0
6
13
21
7600
21
17
12
7
0
6
13
21
7700
22
18
13
7
0
6
14
22
7800
23
18
13
7
0
6
14
22
7900
23
19
13
8
0
6
14
23
8000
24
19
14
8
0
7
15
23
8100
25
20
14
8
0
7
15
24
8200
25
20
15
8
0
7
15
25
8300
26
21
15
8
0
7
16
25
8400
27
21
15
8
0
7
16
26
8500
28
22
16
9
0
8
17
26
8600
29
23
16
9
0
8
17
27
8700
30
23
17
9
0
8
17
28
8800
30
24
17
9
0
8
18
28
8900
31
25
17
9
0
8
18
29
9000
32
25
18
10
0
9
19
30
9100
33
26
18
10
0
9
19
30
9200
34
27
19
10
0
9
20
31
9300
35
27
19
10
0
9
20
32
9400
36
28
20
11
0
10
21
33
9500
37
29
20
11
0
10
21
33
9600
38
30
21
11
0
10
22
34
9700
39
30
21
11
0
10
22
35
9800
40
31
22
12
0
11
23
36
9900
41
32
22
12
0
11
23
37
10000
42
33
23
12
0
11
24
38
10100
44
34
23
12
0
12
25
39
10200
45
35
24
13
0
12
25
40
10300
46
36
25
13
0
12
26
41
10400
47
37
25
13
0
13
27
42
10500
49
38
26
14
0
13
28
43
220
(U//FOUO)
(U//FOUO)
(U//FOUO)
UNCLASSIFIED//FOR OFFICIAL USE ONLY


==================================================
FIM DO TEXTO EXTRAÍDO
