=== TEXTO EXTRAÍDO DA PÁGINA 190 ===
PDF: BR-B-UUQ_Firing_Table_Part_1
==================================================

CHARGE
TABLE F
F T 155 AR 1
5W
PART 1
BAS I C DATA
PROJ , HE , M79 5
FUZE , PD , M739 A1
1
2
3
4
5
6
7
8
9
R
E
FS FOR
DFS
DR
F
T IME
AZ IMUTH
A
L
GRAZE
PER
PER
O
OF
CORRECT IONS
N
E
BURST
10 M
1 M I L
R
FL I GHT
G
V
DEC
D ELEV
K
DR I F T
CW
E
FUZE
HOB
( CORR
OF
M582
TO L )
1 KNOT
M
M I L
M
M I L
SEC
M I L
M I L
9500
939 . 2
54. 0
0. 04
5
22
54. 0
34.9
0. 71
9400
956.9
54. 7
0. 04
6
20
54. 7
36. 5
0. 73
9300
972. 8
55. 3
0. 04
7
18
55. 3
38. 0
0. 75
9200
987. 5
55. 8
0. 04
7
16
55. 8
39 . 5
0. 76
9100
1001. 3
56. 4
0. 04
8
15
56. 4
40.9
0. 78
9000
1014. 1
56. 8
0. 04
8
14
56. 8
42. 3
0. 79
8900
1026. 4
57. 3
0. 04
8
13
57. 3
43. 7
0. 81
8800
1038. 0
57. 7
0. 04
9
13
57. 7
45. 1
0. 83
8700
1049 . 1
58. 1
0. 04
9
12
58. 1
46. 5
0. 84
8600
1059 . 7
58. 4
0. 04
10
11
58. 4
47.9
0. 86
8500
1070. 0
58. 8
0. 04
10
11
58. 8
49 . 4
0. 87
8400
1079 .9
59 . 1
0. 04
10
10
59 . 1
50. 8
0. 89
8300
1089 . 4
59 . 4
0. 04
11
10
59 . 4
52. 2
0.91
8200
1098. 7
59 . 7
0. 04
11
9
59 . 7
53. 7
0.92
8100
1107. 7
60. 0
0. 04
11
9
60. 0
55. 2
0.94
8000
1116. 4
60. 3
0. 04
12
9
60. 3
56. 7
0.96
7900
1124.9
60. 6
0. 04
12
8
60. 6
58. 3
0.98
7800
1133. 2
60. 8
0. 04
12
8
60. 8
59 .9
1. 00
7700
1141. 3
61. 1
0. 04
13
8
61. 1
61. 5
1. 02
7600
1149 . 2
61. 3
0. 04
13
7
61. 3
63. 2
1. 04
7500
1156.9
61. 6
0. 04
13
7
61. 6
64.9
1. 06
7400
1164. 5
61. 8
0. 04
13
7
61. 8
66. 6
1. 08
7300
1171.9
62. 0
0. 04
14
7
62. 0
68. 4
1. 10
7200
1179 . 1
62. 2
0. 04
14
6
62. 2
70. 3
1. 13
7100
1186. 2
62. 4
0. 04
14
6
62. 4
72. 2
1. 15
7000
1193. 2
62. 6
0. 04
15
6
62. 6
74. 2
1. 18
6900
1200. 0
62. 8
0. 04
15
6
62. 8
76. 3
1. 21
6800
1206. 7
63. 0
0. 04
15
6
63. 0
78. 5
1. 23
6700
1213. 2
63. 2
0. 04
15
5
63. 2
80. 8
1. 26
6600
1219 . 6
63. 4
0. 04
16
5
63. 4
83. 2
1. 30
6500
1225.9
63. 5
0. 04
16
5
63. 5
85. 7
1. 33
6400
1232. 1
63. 7
0. 04
16
5
63. 7
88. 4
1. 37
6300
1238. 1
63.9
0. 04
17
5
63.9
91. 2
1. 40
6200
1244. 1
64. 0
0. 04
17
4
64. 0
94. 2
1. 45
6100
1249 .9
64. 2
0. 04
17
4
64. 2
97. 5
1. 49
6000
1255. 5
64. 4
0. 04
18
4
64. 4
101. 0
1. 54
152
(U//FOUO)
(U//FOUO)
(U//FOUO)
UNCLASSIFIED//FOR OFFICIAL USE ONLY


==================================================
FIM DO TEXTO EXTRAÍDO
