=== TEXTO EXTRAÍDO DA PÁGINA 307 ===
PDF: BR-B-UUQ_Firing_Table_Part_1
==================================================

3
3
4
4
F T 155 AR 1
TABLE B
CHARGE
PART 1
7R
PROJ , HE , M79 5
COMPLEMENTARY RANGE
FUZE , PD , M739 A1
L I NE NUMBER
CHANGE
I N RANGE ,
I N METERS
TO CORRECT FOR COMPLEMENTARY ANGLE OF S I TE
L I NE NUMBERS OF METEOROLOG I CAL MESSAGE
HE I GHT OF TARGET ABOVE GUN
METERS
RANGE
L I NE
400
500
600
700
800
9 00
1000
METERS
NO.
15
20
26
33
40
48
56
7000
15
20
26
33
40
48
57
7100
15
20
26
33
40
48
57
7200
15
20
26
33
41
49
57
7300
15
20
27
33
41
49
58
7400
15
21
27
34
41
49
58
7500
15
21
27
34
41
50
58
7600
15
21
27
34
42
50
59
7700
15
21
27
34
42
50
59
7800
16
21
28
35
42
51
59
7900
16
21
28
35
43
51
60
8000
16
22
28
35
43
51
60
8100
16
22
28
36
43
52
61
8200
16
22
29
36
44
52
61
8300
16
22
29
36
44
53
62
8400
17
23
29
37
45
53
62
8500
17
23
30
37
45
53
63
8600
17
23
30
37
45
54
63
8700
17
24
30
38
46
55
64
8800
18
24
31
38
46
55
64
8900
18
24
31
39
47
56
65
9000
18
25
32
39
47
56
66
9100
18
25
32
40
48
57
66
9200
19
25
33
40
49
58
67
9300
19
26
33
41
49
58
68
9400
19
26
34
41
50
59
69
9500
20
27
34
42
51
60
70
9600
20
27
35
43
51
61
70
9700
21
28
35
43
52
61
71
9800
21
28
36
44
53
62
72
9900
21
29
36
45
54
63
73
10000
22
29
37
45
54
64
74
10100
22
30
38
46
55
65
75
10200
23
30
38
47
56
66
76
10300
23
31
39
48
57
67
77
10400
24
31
40
48
58
68
79
10500
269
(U//FOUO)
(U//FOUO)
(U//FOUO)
UNCLASSIFIED//FOR OFFICIAL USE ONLY


==================================================
FIM DO TEXTO EXTRAÍDO
