=== TEXTO EXTRAÍDO DA PÁGINA 86 ===
PDF: BR-B-UUQ_Firing_Table_Part_1
==================================================

CHARGE
TABLE F
F T 155 AR 1
4G
PART 1
BAS I C DATA
PROJ , HE , M79 5
FUZE , PD , M739 A1
1
2
3
4
5
6
7
8
9
R
E
FS FOR
DFS
DR
F
T IME
AZ IMUTH
A
L
GRAZE
PER
PER
O
OF
CORRECT IONS
N
E
BURST
10 M
1 M I L
R
FL I GHT
G
V
DEC
D ELEV
K
DR I F T
CW
E
FUZE
HOB
( CORR
OF
M582
TO L )
1 KNOT
M
M I L
M
M I L
SEC
M I L
M I L
6500
946. 0
44. 3
0. 05
4
25
44. 3
32. 8
0. 52
6400
968.9
45. 0
0. 05
5
22
45. 0
34. 7
0. 54
6300
989 . 3
45. 7
0. 05
5
19
45. 7
36. 6
0. 56
6200
1007.9
46. 2
0. 05
6
17
46. 2
38. 5
0. 58
6100
1025. 2
46. 7
0. 05
6
16
46. 7
40. 3
0. 60
6000
1041. 4
47. 2
0. 05
6
15
47. 2
42. 1
0. 62
5900
1056. 7
47. 6
0. 05
7
14
47. 6
43.9
0. 64
5800
1071. 2
48. 0
0. 05
7
13
48. 0
45. 8
0. 66
5700
1085. 0
48. 4
0. 05
7
12
48. 4
47. 6
0. 68
5600
1098. 2
48. 7
0. 05
8
11
48. 7
49 . 5
0. 70
5500
1110.9
49 . 0
0. 04
8
11
49 . 0
51. 5
0. 72
5400
1123. 2
49 . 4
0. 04
8
10
49 . 4
53. 5
0. 74
5300
1135. 0
49 . 6
0. 04
9
10
49 . 6
55. 6
0. 77
5200
1146. 4
49 .9
0. 04
9
9
49 .9
57. 8
0. 79
5100
1157. 5
50. 2
0. 04
9
9
50. 2
60. 1
0. 82
5000
1168. 3
50. 4
0. 04
9
8
50. 4
62. 4
0. 85
4900
1178. 7
50. 7
0. 04
10
8
50. 7
65. 0
0. 88
4800
1188.9
50.9
0. 04
10
8
50.9
67. 6
0.91
4700
1198. 8
51. 1
0. 04
10
7
51. 1
70. 5
0.95
4600
1208. 4
51. 3
0. 04
11
7
51. 3
73. 5
0.99
4500
1217. 7
51. 6
0. 04
11
6
51. 6
76. 8
1. 03
4400
1226. 8
51. 8
0. 04
11
6
51. 8
80. 4
1. 08
4300
1235. 7
51.9
0. 04
11
6
51.9
84. 4
1. 13
4200
1244. 3
52. 1
0. 04
12
6
52. 1
88. 7
1. 19
4100
1252. 6
52. 3
0. 04
12
5
52. 3
93. 6
1. 25
4000
1260. 7
52. 5
0. 04
13
5
52. 5
99 . 1
1. 33
3900
1268. 5
52. 7
0. 04
13
5
52. 7
105. 3
1. 41
3800
1276. 0
52. 8
0. 04
14
52. 8
112. 4
1. 51
3700
1283. 3
53. 0
0. 04
14
53. 0
120. 7
3600
1290. 2
53. 2
0. 04
53. 2
130. 2
3529
1295. 0
48
(U//FOUO)
(U//FOUO)
(U//FOUO)
UNCLASSIFIED//FOR OFFICIAL USE ONLY


==================================================
FIM DO TEXTO EXTRAÍDO
