=== TEXTO EXTRAÍDO DA PÁGINA 230 ===
PDF: BR-B-UUQ_Firing_Table_Part_1
==================================================

CHARGE
TABLE F
F T 155 AR 1
6W
PART 1
BAS I C DATA
PROJ , HE , M79 5
FUZE , PD , M739 A1
1
2
3
4
5
6
7
8
9
R
E
FS FOR
DFS
DR
F
T IME
AZ IMUTH
A
L
GRAZE
PER
PER
O
OF
CORRECT IONS
N
E
BURST
10 M
1 M I L
R
FL I GHT
G
V
DEC
D ELEV
K
DR I F T
CW
E
FUZE
HOB
( CORR
OF
M582
TO L )
1 KNOT
M
M I L
M
M I L
SEC
M I L
M I L
10500
525. 6
37. 5
0. 06
10
10
37. 5
14. 3
0. 55
10600
535. 7
38. 1
0. 06
10
10
38. 1
14. 7
0. 55
10700
546. 3
38. 7
0. 06
9
11
38. 7
15. 1
0. 56
10800
557. 3
39 . 4
0. 05
9
11
39 . 4
15. 5
0. 56
10900
568. 8
40. 1
0. 05
8
12
40. 1
15.9
0. 57
11000
580. 8
40. 8
0. 05
8
13
40. 8
16. 4
0. 58
11100
593. 5
41. 6
0. 05
8
13
41. 6
16.9
0. 58
11200
607. 0
42. 4
0. 05
7
14
42. 4
17. 5
0. 59
11300
621. 4
43. 2
0. 05
7
16
43. 2
18. 1
0. 60
11400
637. 1
44. 1
0. 05
6
18
44. 1
18. 7
0. 61
11500
654. 6
45. 2
0. 05
5
20
45. 2
19 . 5
0. 62
11600
674. 5
46. 3
0. 05
5
24
46. 3
20. 4
0. 63
11700
698. 6
47. 6
0. 05
4
31
47. 6
21. 5
0. 64
11800
731. 3
49 . 4
0. 04
49 . 4
23. 2
0. 66
**********************************************************************
11800
850. 7
55. 6
0. 04
55. 6
30. 4
0. 77
11700
882. 8
57. 2
0. 04
4
34
57. 2
32. 8
0. 80
11600
906. 1
58. 2
0. 04
5
26
58. 2
34. 6
0. 82
11500
925. 4
59 . 1
0. 04
6
22
59 . 1
36. 3
0. 84
11400
942. 2
59 .9
0. 04
6
19
59 .9
37. 8
0. 85
11300
957. 3
60. 6
0. 04
7
17
60. 6
39 . 2
0. 87
11200
971. 0
61. 2
0. 04
8
16
61. 2
40. 6
0. 89
11100
983. 8
61. 7
0. 04
8
14
61. 7
41.9
0.90
11000
995. 8
62. 2
0. 04
9
13
62. 2
43. 2
0.92
10900
1007. 1
62. 7
0. 04
9
13
62. 7
44. 5
0.93
10800
1017. 8
63. 1
0. 04
10
12
63. 1
45. 8
0.95
10700
1028. 0
63. 5
0. 04
10
11
63. 5
47. 0
0.96
10600
1037. 8
63.9
0. 04
10
11
63.9
48. 3
0.98
10500
1047. 2
64. 3
0. 04
11
10
64. 3
49 . 6
0.99
10400
1056. 3
64. 6
0. 04
11
10
64. 6
50. 8
1. 01
10300
1065. 0
65. 0
0. 04
12
9
65. 0
52. 1
1. 02
10200
1073. 5
65. 3
0. 04
12
9
65. 3
53. 4
1. 04
10100
1081. 7
65. 6
0. 03
12
9
65. 6
54. 7
1. 06
10000
1089 . 7
65.9
0. 03
13
8
65.9
56. 0
1. 07
19 2
(U//FOUO)
(U//FOUO)
(U//FOUO)
UNCLASSIFIED//FOR OFFICIAL USE ONLY


==================================================
FIM DO TEXTO EXTRAÍDO
