=== TEXTO EXTRAÍDO DA PÁGINA 333 ===
PDF: BR-B-UUQ_Firing_Table_Part_1
==================================================

F T 155 AR 1
TABLE F
CHARGE
PART 1
7R
PROJ , HE , M79 5
CORRECT ION FACTORS
FUZE , PD , M739 A1
1
10
11
12
13
14
15
16
17
18
19
R
RANGE CORRECT IONS FOR
A
N
MUZZLE
RANGE
A IR
A IR
PROJ WT
G
VELOC I TY
WI ND
TEMP
DENS I TY
OF 1 SQ
E
1 M / S
1 KNOT
1 PCT
1 PCT
( 4 SQ STD)
DEC
I NC
HEAD
TA I L
DEC
I NC
DEC
I NC
DEC
I NC
M
M
M
M
M
M
M
M
M
M
M
15000
27. 6
26 . 8
25. 2
22 . 1
6. 1
8 . 0
82 . 8
80. 6
30
25
14900
27. 4
26 . 6
25. 1
21 . 9
6. 0
7 . 9
82 . 3
80. 2
30
25
14800
27. 2
26 . 5
25. 1
21 . 7
5.9
7 . 8
81 . 7
79 . 8
30
25
14700
27. 1
26 . 3
25. 0
21 . 6
5. 7
7 . 7
81 . 2
79 . 3
30
25
14600
26.9
26 . 1
24.9
21 . 4
5. 6
7 . 6
80 . 6
78. 8
30
26
14500
26. 8
25 . 9
24.9
21 . 2
5. 5
7 . 5
80 . 1
78. 4
30
26
14400
26. 6
25 . 8
24. 8
21 . 1
5. 4
7 . 4
79 . 5
77.9
30
26
14300
26. 4
25 . 6
24. 7
20 . 9
5. 3
7 . 3
79 . 0
77. 4
30
26
14200
26. 3
25 . 4
24. 6
20 . 7
5. 2
7 . 3
78 . 4
76.9
30
26
14100
26. 1
25 . 2
24. 6
20 . 5
5. 1
7 . 2
77 . 8
76. 5
30
26
14000
25.9
25 . 0
24. 5
20 . 3
5. 0
7 . 1
77 . 3
76. 0
30
26
13900
25. 7
24 . 9
24. 4
20 . 1
4.9
7 . 0
76 . 7
75. 5
30
26
13800
25. 5
24 . 7
24. 3
19 . 8
4. 8
6 . 9
76 . 1
75. 0
30
26
13700
25. 4
24 . 5
24. 2
19 . 6
4. 7
6 . 9
75 . 5
74. 5
30
26
13600
25. 2
24 . 3
24. 1
19 . 4
4. 6
6 . 8
74 . 9
73.9
30
26
13500
25. 0
24 . 1
24. 1
19 . 1
4. 6
6 . 7
74 . 3
73. 4
30
26
13400
24. 8
23 . 9
24. 0
18 . 8
4. 5
6 . 6
73 . 7
72.9
30
27
13300
24. 6
23 . 7
23.9
18 . 6
4. 4
6 . 6
73 . 1
72. 4
31
27
13200
24. 4
23 . 5
23. 8
18 . 3
4. 3
6 . 5
72 . 5
71.9
31
27
13100
24. 2
23 . 3
23. 7
18 . 0
4. 2
6 . 4
71 . 9
71. 3
31
27
13000
24. 0
23 . 1
23. 6
17 . 7
4. 2
6 . 4
71 . 3
70. 8
31
27
12900
23. 8
22 . 9
23. 5
17 . 3
4. 1
6 . 3
70 . 7
70. 2
31
27
12800
23. 6
22 . 7
23. 3
17 . 0
4. 0
6 . 2
70 . 1
69 . 7
32
28
12700
23. 4
22 . 5
23. 2
4. 0
6 . 2
69 . 4
69 . 1
32
28
12600
23. 2
22 . 3
23. 1
3.9
6 . 1
68 . 8
68. 6
32
28
12500
23. 0
22 . 1
23. 0
3. 8
6 . 1
68 . 1
68. 0
32
29
12400
22. 8
21 . 9
22.9
3. 8
6 . 0
67 . 5
67. 5
33
29
12300
22. 6
21 . 7
22. 7
3. 7
6 . 0
66 . 8
66.9
33
29
12200
22. 3
21 . 5
22. 6
3. 6
5 . 9
66 . 1
66. 3
33
30
12100
22. 1
21 . 3
22. 5
3. 6
5 . 9
65 . 4
65. 7
34
30
12000
21.9
21 . 0
22. 3
3. 5
5 . 8
64 . 7
65. 1
34
31
11900
21. 7
20 . 8
22. 2
3. 5
5 . 8
64 . 0
64. 5
35
31
11800
21. 4
20 . 6
22. 0
3. 4
5 . 8
63.9
35
32
11700
21. 2
20 . 3
21.9
3. 4
5 . 8
63. 3
36
32
11600
21. 0
20 . 1
21. 7
3. 4
5 . 7
62. 7
36
33
11500
20. 7
19 . 9
21. 5
3. 4
5 . 7
62. 1
37
33
29 5
(U//FOUO)
(U//FOUO)
(U//FOUO)
UNCLASSIFIED//FOR OFFICIAL USE ONLY


==================================================
FIM DO TEXTO EXTRAÍDO
