=== TEXTO EXTRAÍDO DA PÁGINA 204 ===
PDF: BR-B-UUQ_Firing_Table_Part_1
==================================================

CHARGE
TABLE J
F T 155 AR 1
5W
PART 1
FUZE CORRECT ION FACTORS
PROJ , HE , M79 5
FUZE , MTSQ , M582
1
2
3
4
5
6
7
8
9
10
11
FS
FUZE CORRECT IONS FOR
MUZZLE
RANGE
A IR
A IR
PROJ WT
VELOC I TY
WI ND
TEMP
DENS I TY
OF 1 SQ
1 M / S
1 KNOT
1 PCT
1 PCT
( 4 SQ STD)
DEC
I NC
HEAD
TA I L
DEC
I NC
DEC
I NC
DEC
I NC
0
1
2
. 005 0. 005
0. 000 0. 000
0. 000 0. 000
0. 000 0. 000
0. 008
. 008
3
. 008 0. 008
0. 000 0. 000
0. 000 0. 000
0. 001
. 001
0. 012
. 012
4
. 010 0. 010
0. 000 0. 000
0. 000 0. 001
0. 001
. 001
0. 016
. 016
5
. 012 0. 012
0. 000 0. 001
0. 000 0. 001
0. 002
. 001
0. 019
. 019
6
. 014 0. 014
0. 000 0. 001
0. 000 0. 002
0. 002
. 002
0. 021
. 022
7
. 016 0. 016
0. 000 0. 001
. 001 0. 003
0. 003
. 003
0. 024
. 024
8
. 018 0. 018
. 001 0. 002
. 001 0. 004
0. 003
. 003
0. 026
. 027
9
. 019 0. 020
. 001 0. 002
. 002 0. 005
0. 004
. 004
0. 028
. 029
10
. 021 0. 022
. 001 0. 003
. 003 0. 006
0. 005
. 005
0. 030
. 031
11
. 022 0. 023
. 002 0. 003
. 004 0. 008
0. 006
. 006
0. 032
. 033
12
. 024 0. 025
. 002 0. 004
. 005 0. 009
0. 007
. 006
0. 033
. 034
13
. 025 0. 026
. 003 0. 004
. 007 0. 011
0. 008
. 007
0. 035
. 036
14
. 027 0. 027
. 003 0. 005
. 008 0. 013
0. 008
. 008
0. 036
. 037
15
. 028 0. 029
. 004 0. 006
. 010 0. 015
0. 009
. 009
0. 037
. 039
16
. 029 0. 030
. 004 0. 006
. 012 0. 017
0. 010
. 009
0. 038
. 040
17
. 030 0. 031
. 005 0. 007
. 014 0. 019
0. 011
. 010
0. 040
. 041
18
. 032 0. 032
. 005 0. 008
. 016 0. 021
0. 012
. 011
0. 041
. 043
19
. 033 0. 033
. 006 0. 008
. 018 0. 023
0. 012
. 012
0. 042
. 044
20
. 034 0. 034
. 007 0. 009
. 020 0. 024
0. 013
. 012
0. 043
. 045
21
. 035 0. 036
. 007 0. 010
. 022 0. 026
0. 014
. 013
0. 044
. 046
22
. 036 0. 037
. 008 0. 010
. 024 0. 028
0. 015
. 014
0. 045
. 047
23
. 037 0. 038
. 009 0. 011
. 026 0. 030
0. 016
. 015
0. 046
. 049
24
. 039 0. 039
. 009 0. 012
. 028 0. 032
0. 017
. 016
0. 047
. 050
25
. 040 0. 040
. 010 0. 012
. 030 0. 034
0. 018
. 017
0. 048
. 051
26
. 041 0. 041
. 011 0. 013
. 032 0. 035
0. 019
. 018
0. 049
. 052
27
. 042 0. 042
. 011 0. 013
. 034 0. 037
0. 020
. 019
0. 050
. 053
28
. 043 0. 043
. 012 0. 014
. 036 0. 039
0. 021
. 020
0. 051
. 055
29
. 045 0. 045
. 012 0. 015
. 038 0. 040
0. 022
. 021
0. 052
. 056
30
. 046 0. 046
. 013 0. 015
. 040 0. 042
0. 023
. 022
0. 054
. 057
31
. 047 0. 047
. 014 0. 016
. 041 0. 043
0. 024
. 023
0. 055
. 058
32
. 048 0. 048
. 014 0. 016
. 043 0. 044
0. 025
. 024
0. 056
. 060
33
. 050 0. 050
. 015 0. 016
. 045 0. 045
0. 026
. 025
0. 057
. 061
34
. 051 0. 051
. 015 0. 017
. 046 0. 047
0. 027
. 026
0. 058
. 062
35
. 053 0. 052
. 016 0. 017
. 047 0. 048
0. 029
. 028
0. 059
. 063
166
(U//FOUO)
(U//FOUO)
(U//FOUO)
UNCLASSIFIED//FOR OFFICIAL USE ONLY


==================================================
FIM DO TEXTO EXTRAÍDO
