=== TEXTO EXTRAÍDO DA PÁGINA 106 ===
PDF: BR-B-UUQ_Firing_Table_Part_1
==================================================

0
1
2
2
3
CHARGE
TABLE B
F T 155 AR 1
5G
PART 1
COMPLEMENTARY RANGE
PROJ , HE , M79 5
L I NE NUMBER
FUZE , PD , M739 A1
CHANGE
I N RANGE ,
I N METERS
TO CORRECT FOR COMPLEMENTARY ANGLE OF S I TE
L I NE NUMBERS OF METEOROLOG I CAL MESSAGE
L I NE
RANGE
HE I GHT OF TARGET ABOVE GUN
METERS
NO.
METERS
400
300
200
100
0
100
200
300
3500
40
31
21
11
0
12
24
37
3600
41
32
22
11
0
12
25
38
3700
43
33
23
12
0
12
26
40
3800
44
34
24
12
0
13
26
41
3900
46
36
24
13
0
13
27
42
4000
48
37
25
13
0
14
28
43
4100
49
38
26
13
0
14
29
45
4200
51
39
27
14
0
15
30
46
4300
53
41
28
14
0
15
31
48
4400
54
42
29
15
0
16
32
49
4500
56
43
30
15
0
16
33
51
4600
58
45
31
16
0
17
34
52
4700
60
46
32
16
0
17
35
54
4800
62
48
33
17
0
18
36
55
4900
64
49
34
17
0
18
37
57
5000
66
51
35
18
0
19
38
58
5100
68
52
36
18
0
19
39
60
5200
70
54
37
19
0
20
40
62
5300
72
56
38
19
0
20
42
64
5400
74
57
39
20
0
21
43
66
5500
77
59
40
21
0
22
44
68
5600
79
61
41
21
0
22
45
69
5700
81
62
43
22
0
23
47
71
5800
84
64
44
22
0
23
48
74
5900
86
66
45
23
0
24
49
76
6000
89
68
46
24
0
25
51
78
6100
91
70
48
24
0
26
52
80
6200
94
72
49
25
0
26
54
83
6300
97
74
50
26
0
27
55
85
6400
99
76
52
26
0
28
57
88
6500
102
78
53
27
0
29
59
90
6600
105
81
55
28
0
30
61
93
6700
108
83
57
29
0
31
62
96
6800
112
86
58
30
0
31
64
99
6900
115
88
60
31
0
32
66
102
7000
119
91
62
32
0
33
68
105
68
(U//FOUO)
(U//FOUO)
(U//FOUO)
UNCLASSIFIED//FOR OFFICIAL USE ONLY


==================================================
FIM DO TEXTO EXTRAÍDO
