=== TEXTO EXTRAÍDO DA PÁGINA 46 ===
PDF: BR-B-UUQ_Firing_Table_Part_1
==================================================

1
2
5
5
CHARGE
TABLE B
F T 155 AR 1
3G
PART 1
COMPLEMENTARY RANGE
PROJ , HE , M79 5
L I NE NUMBER
FUZE , PD , M739 A1
CHANGE
I N RANGE ,
I N METERS
TO CORRECT FOR COMPLEMENTARY ANGLE OF S I TE
L I NE NUMBERS OF METEOROLOG I CAL MESSAGE
L I NE
RANGE
HE I GHT OF TARGET ABOVE GUN
METERS
NO.
METERS
400
300
200
100
0
100
200
300
3500
113
87
60
31
0
33
67
103
3600
118
91
62
32
0
34
70
108
3700
122
94
64
33
0
35
73
112
3800
127
98
67
34
0
37
76
117
3900
132
102
70
36
0
38
79
122
4000
137
105
72
37
0
40
82
127
4100
142
110
75
39
0
41
86
133
4200
148
114
78
40
0
43
89
139
4300
154
118
81
42
0
45
93
145
4400
160
123
85
44
0
47
98
153
4500
166
128
88
46
0
49
102
161
4600
173
134
92
48
0
52
108
170
4700
180
139
96
50
0
54
114
180
4800
188
146
101
52
0
57
121
193
4900
196
152
105
55
0
61
129
210
5000
205
160
111
58
0
65
141
238
5100
215
168
117
62
0
71
161
5200
226
178
125
66
0
82
5300
239
189
134
73
0
*****************************************************************
5300
538
384
241
111
0
5200
571
409
259
122
0
99
5100
602
434
276
131
0
114
201
5000
634
458
292
140
0
124
230
304
4900
666
481
309
148
0
133
250
346
4800
698
505
325
156
0
142
269
377
4700
731
530
341
164
0
150
286
405
4600
766
555
357
172
0
158
302
431
4500
803
582
374
181
0
167
319
456
4400
842
609
392
189
0
175
336
481
4300
884
639
411
198
0
184
352
506
4200
930
670
431
208
0
192
370
531
4100
981
704
452
217
0
202
387
557
4000
1040
742
474
228
0
211
406
584
8
(U//FOUO)
(U//FOUO)
(U//FOUO)
UNCLASSIFIED//FOR OFFICIAL USE ONLY


==================================================
FIM DO TEXTO EXTRAÍDO
