=== TEXTO EXTRAÍDO DA PÁGINA 75 ===
PDF: BR-B-UUQ_Firing_Table_Part_1
==================================================

2
3
3
F T 155 AR 1
TABLE B
CHARGE
PART 1
4G
PROJ , HE , M79 5
COMPLEMENTARY RANGE
FUZE , PD , M739 A1
L I NE NUMBER
CHANGE
I N RANGE ,
I N METERS
TO CORRECT FOR COMPLEMENTARY ANGLE OF S I TE
L I NE NUMBERS OF METEOROLOG I CAL MESSAGE
HE I GHT OF TARGET ABOVE GUN
METERS
RANGE
L I NE
400
500
600
700
800
9 00
1000
METERS
NO.
0
3
100
6
8
10
12
14
17
200
9
12
15
18
21
24
27
300
12
15
19
23
27
31
36
400
14
18
23
28
33
38
43
500
16
21
27
32
38
45
51
600
19
24
31
37
44
51
58
700
21
28
34
42
49
57
65
800
23
31
38
46
54
63
72
900
26
34
42
50
60
69
79
1000
28
37
45
55
65
75
86
1100
31
40
49
59
70
81
93
1200
33
43
53
64
75
87
100
1300
35
46
57
68
81
93
107
1400
38
49
60
73
86
100
114
1500
40
52
64
77
91
106
121
1600
43
55
68
82
96
112
128
1700
45
58
72
87
102
118
135
1800
48
61
76
91
107
124
142
1900
50
65
80
96
113
131
149
2000
53
68
84
101
119
137
157
2100
56
71
88
106
124
144
164
2200
58
75
92
111
130
150
172
2300
61
78
96
116
136
157
179
2400
64
82
101
121
142
164
187
2500
66
85
105
126
148
171
195
2600
69
89
109
131
154
178
203
2700
72
92
114
137
160
185
211
2800
75
96
119
142
167
193
220
2900
78
100
123
148
173
200
228
3000
81
104
128
153
180
208
237
3100
84
108
133
159
187
216
246
3200
87
112
138
165
193
223
255
3300
91
116
143
171
200
232
264
3400
94
120
148
177
208
240
274
3500
37
(U//FOUO)
(U//FOUO)
(U//FOUO)
UNCLASSIFIED//FOR OFFICIAL USE ONLY


==================================================
FIM DO TEXTO EXTRAÍDO
