=== TEXTO EXTRAÍDO DA PÁGINA 274 ===
PDF: BR-B-UUQ_Firing_Table_Part_1
==================================================

CHARGE
TABLE F
F T 155 AR 1
7W
PART 1
BAS I C DATA
PROJ , HE , M79 5
FUZE , PD , M739 A1
1
2
3
4
5
6
7
8
9
R
E
FS FOR
DFS
DR
F
T IME
AZ IMUTH
A
L
GRAZE
PER
PER
O
OF
CORRECT IONS
N
E
BURST
10 M
1 M I L
R
FL I GHT
G
V
DEC
D ELEV
K
DR I F T
CW
E
FUZE
HOB
( CORR
OF
M582
TO L )
1 KNOT
M
M I L
M
M I L
SEC
M I L
M I L
7000
189 . 6
17.9
0. 12
24
2
17.9
5. 3
0. 36
7100
193. 7
18. 2
0. 12
24
2
18. 2
5. 4
0. 37
7200
197.9
18. 6
0. 11
24
2
18. 6
5. 5
0. 37
7300
202. 1
18.9
0. 11
24
3
18.9
5. 7
0. 38
7400
206. 3
19 . 3
0. 11
23
3
19 . 3
5. 8
0. 38
7500
210. 6
19 . 6
0. 11
23
3
19 . 6
5.9
0. 39
7600
215. 0
20. 0
0. 11
23
3
20. 0
6. 0
0. 39
7700
219 . 4
20. 3
0. 10
23
3
20. 3
6. 2
0. 40
7800
223. 8
20. 7
0. 10
22
3
20. 7
6. 3
0. 40
7900
228. 3
21. 0
0. 10
22
3
21. 0
6. 4
0. 41
8000
232. 8
21. 4
0. 10
22
3
21. 4
6. 5
0. 41
8100
237. 4
21. 7
0. 10
22
3
21. 7
6. 7
0. 42
8200
242. 0
22. 1
0. 10
22
3
22. 1
6. 8
0. 42
8300
246. 7
22. 5
0. 09
21
3
22. 5
7. 0
0. 43
8400
251. 4
22. 8
0. 09
21
3
22. 8
7. 1
0. 43
8500
256. 2
23. 2
0. 09
21
3
23. 2
7. 2
0. 44
8600
261. 0
23. 6
0. 09
21
3
23. 6
7. 4
0. 44
8700
265.9
23.9
0. 09
20
3
23.9
7. 5
0. 45
8800
270. 8
24. 3
0. 09
20
3
24. 3
7. 7
0. 45
8900
275. 8
24. 7
0. 09
20
4
24. 7
7. 8
0. 46
9000
280. 8
25. 1
0. 08
20
4
25. 1
8. 0
0. 46
9100
285. 8
25. 4
0. 08
20
4
25. 4
8. 1
0. 47
9200
291. 0
25. 8
0. 08
19
4
25. 8
8. 3
0. 47
9300
296. 1
26. 2
0. 08
19
4
26. 2
8. 4
0. 47
9400
301. 4
26. 6
0. 08
19
4
26. 6
8. 6
0. 48
9500
306. 6
27. 0
0. 08
19
4
27. 0
8. 8
0. 48
9600
312. 0
27. 4
0. 08
19
4
27. 4
8.9
0. 49
9700
317. 4
27. 8
0. 08
18
4
27. 8
9 . 1
0. 49
9800
322. 8
28. 2
0. 08
18
4
28. 2
9 . 3
0. 50
9900
328. 3
28. 6
0. 07
18
4
28. 6
9 . 4
0. 50
10000
333.9
29 . 0
0. 07
18
4
29 . 0
9 . 6
0. 50
10100
339 . 5
29 . 4
0. 07
18
4
29 . 4
9 . 8
0. 51
10200
345. 2
29 . 8
0. 07
17
5
29 . 8
10. 0
0. 51
10300
351. 0
30. 2
0. 07
17
5
30. 2
10. 1
0. 52
10400
356. 8
30. 6
0. 07
17
5
30. 6
10. 3
0. 52
10500
362. 7
31. 1
0. 07
17
5
31. 1
10. 5
0. 53
236
(U//FOUO)
(U//FOUO)
(U//FOUO)
UNCLASSIFIED//FOR OFFICIAL USE ONLY


==================================================
FIM DO TEXTO EXTRAÍDO
