=== TEXTO EXTRAÍDO DA PÁGINA 114 ===
PDF: BR-B-UUQ_Firing_Table_Part_1
==================================================

CHARGE
TABLE F
F T 155 AR 1
5G
PART 1
BAS I C DATA
PROJ , HE , M79 5
FUZE , PD , M739 A1
1
2
3
4
5
6
7
8
9
R
E
FS FOR
DFS
DR
F
T IME
AZ IMUTH
A
L
GRAZE
PER
PER
O
OF
CORRECT IONS
N
E
BURST
10 M
1 M I L
R
FL I GHT
G
V
DEC
D ELEV
K
DR I F T
CW
E
FUZE
HOB
( CORR
OF
M582
TO L )
1 KNOT
M
M I L
M
M I L
SEC
M I L
M I L
0
0. 0
23
1
0. 0
0. 0
0. 00
100
4. 3
23
1
0. 3
0. 1
0. 01
200
8. 5
23
1
0. 6
0. 2
0. 01
300
12. 8
23
1
0.9
0. 2
0. 02
400
17. 1
23
1
1. 2
0. 3
0. 02
500
21. 5
23
1
1. 5
0. 4
0. 03
600
25.9
1. 8
1. 15
22
1
1. 8
0. 5
0. 04
700
30. 4
2. 1
0.98
22
1
2. 1
0. 6
0. 04
800
34.9
2. 4
0. 86
22
1
2. 4
0. 7
0. 05
900
39 . 5
2. 7
0. 76
22
1
2. 7
0. 8
0. 05
1000
44. 1
3. 0
0. 68
22
1
3. 0
0. 8
0. 06
1100
48. 7
3. 3
0. 62
21
1
3. 3
0.9
0. 06
1200
53. 4
3. 6
0. 57
21
1
3. 6
1. 0
0. 07
1300
58. 1
3.9
0. 52
21
1
3.9
1. 1
0. 07
1400
62.9
4. 3
0. 48
21
1
4. 3
1. 2
0. 08
1500
67. 7
4. 6
0. 45
21
1
4. 6
1. 3
0. 08
1600
72. 6
4.9
0. 42
20
1
4.9
1. 4
0. 09
1700
77. 5
5. 2
0. 39
20
1
5. 2
1. 5
0. 09
1800
82. 4
5. 5
0. 37
20
1
5. 5
1. 6
0. 10
1900
87. 4
5.9
0. 35
20
1
5.9
1. 6
0. 10
2000
92. 5
6. 2
0. 33
20
1
6. 2
1. 7
0. 11
2100
97. 5
6. 5
0. 32
20
1
6. 5
1. 8
0. 11
2200
102. 7
6.9
0. 30
19
1
6.9
1.9
0. 12
2300
107. 8
7. 2
0. 29
19
1
7. 2
2. 0
0. 12
2400
113. 0
7. 5
0. 27
19
1
7. 5
2. 1
0. 13
2500
118. 3
7.9
0. 26
19
1
7.9
2. 2
0. 13
2600
123. 6
8. 2
0. 25
19
1
8. 2
2. 4
0. 14
2700
128.9
8. 6
0. 24
19
1
8. 6
2. 5
0. 14
2800
134. 3
8.9
0. 23
19
1
8.9
2. 6
0. 14
2900
139 . 7
9 . 2
0. 22
18
2
9 . 2
2. 7
0. 15
3000
145. 2
9 . 6
0. 22
18
2
9 . 6
2. 8
0. 15
3100
150. 7
9 .9
0. 21
18
2
9 .9
2.9
0. 16
3200
156. 3
10. 3
0. 20
18
2
10. 3
3. 0
0. 16
3300
161.9
10. 7
0. 19
18
2
10. 7
3. 1
0. 16
3400
167. 5
11. 0
0. 19
18
2
11. 0
3. 2
0. 17
3500
173. 2
11. 4
0. 18
17
2
11. 4
3. 4
0. 17
76
(U//FOUO)
(U//FOUO)
(U//FOUO)
UNCLASSIFIED//FOR OFFICIAL USE ONLY


==================================================
FIM DO TEXTO EXTRAÍDO
