=== TEXTO EXTRAÍDO DA PÁGINA 141 ===
PDF: BR-B-UUQ_Firing_Table_Part_1
==================================================

3
4
4
5
5
F T 155 AR 1
TABLE B
CHARGE
PART 1
4W
PROJ , HE , M79 5
COMPLEMENTARY RANGE
FUZE , PD , M739 A1
L I NE NUMBER
CHANGE
I N RANGE ,
I N METERS
TO CORRECT FOR COMPLEMENTARY ANGLE OF S I TE
L I NE NUMBERS OF METEOROLOG I CAL MESSAGE
HE I GHT OF TARGET ABOVE GUN
METERS
RANGE
L I NE
400
500
600
700
800
9 00
1000
METERS
NO.
65
84
103
123
144
167
190
3500
67
86
106
127
149
172
196
3600
70
89
110
131
154
178
203
3700
72
92
113
136
159
184
209
3800
74
95
117
140
164
189
216
3900
77
98
121
145
169
195
223
4000
79
101
125
149
175
202
230
4100
82
105
129
154
180
208
237
4200
84
108
133
159
186
214
244
4300
87
111
137
163
192
221
252
4400
89
115
141
168
197
228
260
4500
92
118
145
174
203
235
268
4600
95
122
150
179
210
242
276
4700
98
125
154
184
216
249
284
4800
101
129
159
190
223
257
293
4900
104
133
164
196
230
265
302
5000
107
137
169
202
237
273
311
5100
110
141
174
208
244
282
321
5200
114
146
179
215
251
290
331
5300
117
150
185
221
259
299
342
5400
121
155
191
228
267
309
353
5500
125
160
197
235
276
319
364
5600
129
165
203
242
284
329
375
5700
133
170
209
250
293
339
388
5800
137
175
215
258
303
350
400
5900
141
180
222
266
313
362
414
6000
145
186
229
275
323
374
428
6100
150
192
236
284
333
387
443
6200
154
198
244
293
345
400
459
6300
159
204
252
303
357
415
477
6400
164
211
261
314
370
430
495
6500
170
218
270
325
384
447
516
6600
176
226
280
337
399
465
538
6700
182
234
290
350
415
486
564
6800
188
243
301
365
433
509
593
6900
195
252
314
381
454
535
628
7000
103
(U//FOUO)
(U//FOUO)
(U//FOUO)
UNCLASSIFIED//FOR OFFICIAL USE ONLY


==================================================
FIM DO TEXTO EXTRAÍDO
