=== TEXTO EXTRAÍDO DA PÁGINA 58 ===
PDF: BR-B-UUQ_Firing_Table_Part_1
==================================================

CHARGE
TABLE G
F T 155 AR 1
3G
PART 1
SUPPLEMENTARY DATA
PROJ , HE , M79 5
FUZE , PD , M739 A1
1
2
3
4
5
6
7
8
9
10
11
12
13
R
E
PROBABLE ERRORS
ANGLE
COT
TML
MO
COMP S I TE
A
L
OF
ANGLE VEL
FOR
N
E
FUZE M582
FALL
OF
ANGLE OF S I TE
G
V
FALL
+1 M I L
1 M I L
E
R
D
HB
TB
RB
S I TE
S I TE
M
M I L
M
M
M
SEC
M
M I L
M / S
M
M I L
M I L
0
0. 0
2
0
0
247
0
0. 000
0. 00
500
41. 3
4
0
0 0. 04
10
42
24. 3
242
5
0. 002
0 . 002
1000
84. 0
6
0
1 0. 04
10
87
11. 7
237
21
0. 007
0 . 006
1500
128. 6
8
1
1 0. 04
10
134
7. 5
232
49
0. 016
0 . 015
2000
175. 5
11
1
2 0. 04
11
186
5. 4
227
89
0. 031
0 . 030
2500
225. 4
13
1
3 0. 04
11
241
4. 1
223
146
0. 054
0 . 051
3000
279 . 3
16
1
4 0. 04
12
302
3. 3
219
220
0. 089
0 . 082
3500
338. 6
18
2
5 0. 04
13
370
2. 6
216
317
0. 144
0 . 129
4000
406. 1
21
2
6 0. 04
14
448
2. 1
213
445
0. 238
0 . 205
4500
487. 3
23
3
8 0. 04
15
540
1. 7
211
620
0. 434
0 . 346
5000
599 .9
25
3
11 0. 05
16
665
1. 3
209
893
1. 284
0 . 715
************************************************************************
5000
960. 8
25
4
22 0. 05
16 1031
0. 6
214
1855
2 . 296
1. 72
4500 1072. 5
23
4
25 0. 06
14 1137
0. 5
216
2129
1 . 441
1. 35
4000 1152. 2
20
4
27 0. 06
13 1213
0. 4
217
2303
1 . 240
1. 20
3500 1216. 7
18
4
28 0. 06
11 1278
0. 3
217
2429
1 . 139
1. 12
3000 1269 .9
3
29 0. 06
10 1338
0. 3
217
2519
1 . 076
1. 07
20
(U//FOUO)
(U//FOUO)
(U//FOUO)
UNCLASSIFIED//FOR OFFICIAL USE ONLY


==================================================
FIM DO TEXTO EXTRAÍDO
