=== TEXTO EXTRAÍDO DA PÁGINA 255 ===
PDF: BR-B-UUQ_Firing_Table_Part_1
==================================================

2
3
3
F T 155 AR 1
TABLE B
CHARGE
PART 1
7W
PROJ , HE , M79 5
COMPLEMENTARY RANGE
FUZE , PD , M739 A1
L I NE NUMBER
CHANGE
I N RANGE ,
I N METERS
TO CORRECT FOR COMPLEMENTARY ANGLE OF S I TE
L I NE NUMBERS OF METEOROLOG I CAL MESSAGE
HE I GHT OF TARGET ABOVE GUN
METERS
RANGE
L I NE
400
500
600
700
800
9 00
1000
METERS
NO.
0
0
100
3
4
6
7
9
11
200
5
7
9
12
14
16
19
300
5
8
11
13
16
20
23
400
6
9
12
16
19
23
27
500
7
10
14
18
22
26
30
600
7
11
14
19
23
28
32
700
8
11
15
20
24
30
35
800
8
12
16
21
26
31
37
900
8
12
16
21
27
32
38
1000
8
12
17
22
28
34
40
1100
9
13
18
23
28
35
41
1200
9
13
18
23
29
35
42
1300
9
13
18
24
30
36
43
1400
10
14
19
24
30
37
44
1500
10
14
19
25
31
38
45
1600
10
14
19
25
32
39
46
1700
10
15
20
26
32
39
47
1800
10
15
20
26
33
40
48
1900
11
15
21
27
33
41
48
2000
11
16
21
27
34
41
49
2100
11
16
21
27
34
42
50
2200
11
16
22
28
35
42
51
2300
12
16
22
28
35
43
51
2400
12
17
22
29
36
43
52
2500
12
17
23
29
36
44
53
2600
12
17
23
29
37
45
53
2700
12
18
23
30
37
45
54
2800
13
18
24
30
38
46
54
2900
13
18
24
31
38
46
55
3000
13
18
24
31
39
47
56
3100
13
19
25
32
39
47
56
3200
13
19
25
32
40
48
57
3300
14
19
26
32
40
49
58
3400
14
20
26
33
41
49
58
3500
217
(U//FOUO)
(U//FOUO)
(U//FOUO)
UNCLASSIFIED//FOR OFFICIAL USE ONLY


==================================================
FIM DO TEXTO EXTRAÍDO
