=== TEXTO EXTRAÍDO DA PÁGINA 55 ===
PDF: BR-B-UUQ_Firing_Table_Part_1
==================================================

F T 155 AR 1
TABLE F
CHARGE
PART 1
3G
PROJ , HE , M79 5
CORRECT ION FACTORS
FUZE , PD , M739 A1
1
10
11
12
13
14
15
16
17
18
19
R
RANGE CORRECT IONS FOR
A
N
MUZZLE
RANGE
A IR
A IR
PROJ WT
G
VELOC I TY
WI ND
TEMP
DENS I TY
OF 1 SQ
E
1 M / S
1 KNOT
1 PCT
1 PCT
( 4 SQ STD)
DEC
I NC
HEAD
TA I L
DEC
I NC
DEC
I NC
DEC
I NC
M
M
M
M
M
M
M
M
M
M
M
3500
27. 2
24 . 5
1. 5
1 . 3
0. 0
0. 0
3 . 2
3. 3
29
30
3600
27.9
25 . 1
1. 5
1 . 4
0. 0
0. 0
3 . 4
3. 4
30
31
3700
28. 6
25 . 7
1. 6
1 . 4
0. 0
0. 0
3 . 6
3. 6
31
32
3800
29 . 3
26 . 4
1. 7
1 . 5
0. 0
0. 0
3 . 8
3. 8
31
32
3900
30. 0
27 . 0
1. 8
1 . 6
0. 0
0. 0
4 . 0
4. 0
32
33
4000
30. 7
27 . 6
1.9
1 . 7
0. 0
0. 0
4 . 2
4. 2
33
34
4100
31. 4
28 . 2
2. 0
1 . 7
0. 0
0. 0
4 . 4
4. 4
33
34
4200
32. 1
28 . 9
2. 1
1 . 8
0. 0
0. 0
4 . 6
4. 7
34
35
4300
32. 7
29 . 5
2. 2
1 . 9
0. 0
0. 0
4 . 8
4.9
35
36
4400
33. 4
30 . 1
2. 4
2 . 0
0. 0
0. 0
5 . 0
5. 1
35
36
4500
34. 1
30 . 7
2. 5
2 . 1
0. 0
0. 0
5 . 2
5. 3
36
37
4600
34. 7
31 . 3
2. 6
2 . 2
0. 0
0. 0
5 . 5
5. 6
36
37
4700
35. 4
31 . 9
2. 8
2 . 3
0. 0
0. 0
5 . 7
5. 8
37
38
4800
36. 0
32 . 5
2.9
2 . 4
0. 0
0. 0
6 . 0
6. 1
37
39
4900
36. 6
33 . 1
3. 1
2 . 5
0. 0
0. 0
6 . 2
6. 4
38
39
5000
33 . 7
3. 3
2 . 6
0. 0
0. 0
6 . 5
6. 7
38
40
5100
34 . 3
3. 6
2 . 8
0. 0
0. 0
6 . 8
7. 0
39
40
5200
34 . 9
2 . 9
0. 0
0. 0
7 . 1
7. 4
39
40
5300
35 . 5
3 . 0
0. 0
0. 0
7 . 4
40
**********************************************************************
5300
35 . 0
3 . 6
0. 0
0. 0
7 . 9
39
5200
34 . 4
3 . 5
0. 0
0. 0
7 . 8
7. 7
38
40
5100
33 . 7
3.9
3 . 5
0. 0
0. 0
7 . 7
7. 6
37
39
5000
33 . 1
4. 0
3 . 4
0. 0
0. 0
7 . 5
7. 5
36
38
4900
36. 4
32 . 4
4. 0
3 . 3
0. 0
0. 0
7 . 4
7. 4
35
37
4800
35. 7
31 . 8
4. 1
3 . 2
0. 0
0. 0
7 . 2
7. 2
35
36
4700
34.9
31 . 2
4. 0
3 . 0
0. 0
0. 0
7 . 0
7. 1
34
35
4600
34. 2
30 . 5
4. 0
2 . 9
0. 0
0. 0
6 . 8
6.9
33
35
4500
33. 5
29 . 9
4. 0
2 . 7
0. 0
0. 0
6 . 6
6. 7
32
34
4400
32. 8
29 . 3
3.9
2 . 5
0. 0
0. 0
6 . 5
6. 5
32
33
4300
32. 1
28 . 7
3.9
2 . 3
0. 0
0. 0
6 . 2
6. 4
31
32
4200
31. 3
28 . 0
3. 8
2 . 0
0. 0
0. 0
6 . 0
6. 2
30
31
4100
30. 6
27 . 4
3. 7
1 . 7
0. 0
0. 0
5 . 8
6. 0
29
31
4000
29 .9
26 . 8
3. 6
1 . 3
0. 0
0. 0
5 . 6
5. 8
28
30
17
(U//FOUO)
(U//FOUO)
(U//FOUO)
UNCLASSIFIED//FOR OFFICIAL USE ONLY


==================================================
FIM DO TEXTO EXTRAÍDO
