=== TEXTO EXTRAÍDO DA PÁGINA 259 ===
PDF: BR-B-UUQ_Firing_Table_Part_1
==================================================

3
4
4
5
5
F T 155 AR 1
TABLE B
CHARGE
PART 1
7W
PROJ , HE , M79 5
COMPLEMENTARY RANGE
FUZE , PD , M739 A1
L I NE NUMBER
CHANGE
I N RANGE ,
I N METERS
TO CORRECT FOR COMPLEMENTARY ANGLE OF S I TE
L I NE NUMBERS OF METEOROLOG I CAL MESSAGE
HE I GHT OF TARGET ABOVE GUN
METERS
RANGE
L I NE
400
500
600
700
800
9 00
1000
METERS
NO.
27
35
45
55
66
77
90
7000
27
36
46
56
67
78
91
7100
28
37
46
57
68
80
92
7200
28
37
47
58
69
81
94
7300
29
38
48
59
70
82
95
7400
30
39
49
60
71
84
97
7500
30
40
50
61
73
85
98
7600
31
41
51
62
74
86
100
7700
32
41
52
63
75
88
101
7800
32
42
53
64
77
89
103
7900
33
43
54
66
78
91
105
8000
34
44
55
67
79
92
106
8100
34
45
56
68
81
94
108
8200
35
46
57
69
82
96
110
8300
36
47
58
71
84
98
112
8400
37
48
60
72
85
99
114
8500
38
49
61
74
87
101
116
8600
38
50
62
75
89
103
118
8700
39
51
63
77
90
105
120
8800
40
52
65
78
92
107
123
8900
41
53
66
80
94
109
125
9000
42
54
68
81
96
111
127
9100
43
56
69
83
98
114
130
9200
44
57
71
85
100
116
132
9300
45
58
72
87
102
118
135
9400
46
59
74
89
104
121
138
9500
47
61
75
91
107
123
141
9600
48
62
77
93
109
126
144
9700
49
64
79
95
111
129
147
9800
51
65
81
97
114
131
150
9900
52
67
83
99
116
134
153
10000
53
68
84
101
119
137
157
10100
54
70
87
104
122
141
160
10200
56
72
89
106
125
144
164
10300
57
74
91
109
128
147
168
10400
59
76
93
111
131
151
172
10500
221
(U//FOUO)
(U//FOUO)
(U//FOUO)
UNCLASSIFIED//FOR OFFICIAL USE ONLY


==================================================
FIM DO TEXTO EXTRAÍDO
