=== TEXTO EXTRAÍDO DA PÁGINA 281 ===
PDF: BR-B-UUQ_Firing_Table_Part_1
==================================================

F T 155 AR 1
TABLE F
CHARGE
PART 1
7W
PROJ , HE , M79 5
CORRECT ION FACTORS
FUZE , PD , M739 A1
1
10
11
12
13
14
15
16
17
18
19
R
RANGE CORRECT IONS FOR
A
N
MUZZLE
RANGE
A IR
A IR
PROJ WT
G
VELOC I TY
WI ND
TEMP
DENS I TY
OF 1 SQ
E
1 M / S
1 KNOT
1 PCT
1 PCT
( 4 SQ STD)
DEC
I NC
HEAD
TA I L
DEC
I NC
DEC
I NC
DEC
I NC
M
M
M
M
M
M
M
M
M
M
M
11500
24. 0
23 . 2
20. 1
16 . 6
11. 8
13 . 0
52 . 2
51. 3
1
2
11400
23. 8
23 . 0
20. 0
16 . 4
11. 7
12 . 9
51 . 7
50.9
1
2
11300
23. 6
22 . 8
19 .9
16 . 2
11. 6
12 . 8
51 . 2
50. 4
2
2
11200
23. 4
22 . 6
19 . 8
16 . 0
11. 5
12 . 7
50 . 7
50. 0
2
1
11100
23. 2
22 . 4
19 . 7
15 . 8
11. 3
12 . 6
50 . 3
49 . 5
2
1
11000
23. 0
22 . 2
19 . 6
15 . 6
11. 2
12 . 5
49 . 8
49 . 1
2
1
10900
22. 8
22 . 0
19 . 5
15 . 3
11. 1
12 . 4
49 . 3
48. 7
2
1
10800
22. 6
21 . 8
19 . 4
15 . 1
11. 0
12 . 3
48 . 8
48. 2
3
1
10700
22. 4
21 . 5
19 . 3
14 . 8
10.9
12 . 2
48 . 3
47. 8
3
0
10600
22. 1
21 . 3
19 . 2
14 . 6
10. 8
12 . 1
47 . 8
47. 3
3
0
10500
21.9
21 . 1
19 . 1
14 . 3
10. 7
12 . 0
47 . 2
46. 8
4
0
10400
21. 7
20 . 9
19 . 0
14 . 0
10. 6
11 . 9
46 . 7
46. 4
4
1
10300
21. 5
20 . 7
18. 8
13 . 6
10. 5
11 . 8
46 . 2
45.9
4
1
10200
21. 2
20 . 4
18. 7
10. 4
11 . 8
45 . 6
45. 4
4
1
10100
21. 0
20 . 2
18. 6
10. 3
11 . 7
45 . 1
45. 0
5
2
10000
20. 8
20 . 0
18. 5
10. 3
11 . 6
44 . 6
44. 5
5
2
9900
20. 6
19 . 8
18. 3
10. 2
11 . 5
44 . 0
44. 0
6
2
9800
20. 3
19 . 5
18. 2
10. 1
11 . 5
43 . 4
43. 5
6
3
9700
20. 1
19 . 3
18. 1
10. 0
11 . 4
42 . 9
43. 0
6
3
9600
19 . 8
19 . 1
17.9
10. 0
11 . 3
42 . 3
42. 5
7
4
9500
19 . 6
18 . 8
17. 8
9 .9
11 . 3
41 . 7
42. 0
7
4
9400
19 . 4
18 . 6
17. 6
9 .9
11 . 2
41 . 2
41. 4
8
5
9300
19 . 1
18 . 3
17. 5
9 . 8
11 . 1
40 . 6
40.9
8
5
9200
18.9
18 . 1
17. 3
9 . 8
11 . 1
40 . 0
40. 4
9
6
9100
18. 6
17 . 8
17. 1
9 . 7
11 . 0
39 . 4
39 .9
10
7
9000
18. 4
17 . 6
16.9
9 . 7
11 . 0
38 . 7
39 . 3
10
7
8900
18. 1
17 . 3
16. 8
9 . 6
10 . 9
38. 8
11
8
8800
17.9
17 . 0
16. 6
9 . 6
10 . 9
38. 3
12
9
8700
17. 6
16 . 8
16. 4
9 . 6
10 . 9
37. 7
13
10
8600
17. 3
16 . 5
16. 1
9 . 6
10 . 9
37. 2
14
10
8500
17. 1
16 . 3
15.9
9 . 5
10 . 9
36. 6
14
11
8400
16. 8
16 . 0
15. 7
9 . 5
10 . 9
36. 0
15
13
8300
16. 5
15 . 7
15. 4
9 . 5
10 . 9
35. 4
16
14
8200
16. 2
15 . 4
15. 2
9 . 5
10 . 9
34. 8
17
15
8100
15.9
15 . 1
14.9
9 . 5
10 . 9
34. 2
19
16
8000
15. 6
14. 6
9 . 5
33. 6
20
17
243
(U//FOUO)
(U//FOUO)
(U//FOUO)
UNCLASSIFIED//FOR OFFICIAL USE ONLY


==================================================
FIM DO TEXTO EXTRAÍDO
