=== TEXTO EXTRAÍDO DA PÁGINA 174 ===
PDF: BR-B-UUQ_Firing_Table_Part_1
==================================================

0
1
2
2
3
CHARGE
TABLE B
F T 155 AR 1
5W
PART 1
COMPLEMENTARY RANGE
PROJ , HE , M79 5
L I NE NUMBER
FUZE , PD , M739 A1
CHANGE
I N RANGE ,
I N METERS
TO CORRECT FOR COMPLEMENTARY ANGLE OF S I TE
L I NE NUMBERS OF METEOROLOG I CAL MESSAGE
L I NE
RANGE
HE I GHT OF TARGET ABOVE GUN
METERS
NO.
METERS
400
300
200
100
0
100
200
300
3500
30
23
16
9
0
9
18
29
3600
31
24
17
9
0
9
19
30
3700
32
25
17
9
0
9
20
30
3800
33
26
18
9
0
10
20
31
3900
34
27
18
10
0
10
21
32
4000
35
27
19
10
0
10
21
33
4100
36
28
20
10
0
10
22
34
4200
37
29
20
10
0
11
22
35
4300
39
30
21
11
0
11
23
36
4400
40
31
21
11
0
11
24
36
4500
41
32
22
11
0
12
24
37
4600
42
33
23
12
0
12
25
38
4700
43
34
23
12
0
12
26
39
4800
45
35
24
12
0
13
26
41
4900
46
36
24
13
0
13
27
42
5000
47
37
25
13
0
13
28
43
5100
49
38
26
13
0
14
28
44
5200
50
39
27
14
0
14
29
45
5300
52
40
27
14
0
15
30
46
5400
53
41
28
15
0
15
31
48
5500
55
42
29
15
0
15
32
49
5600
56
43
30
15
0
16
33
50
5700
58
45
31
16
0
16
34
52
5800
60
46
32
16
0
17
35
53
5900
62
47
32
17
0
17
36
55
6000
63
49
33
17
0
18
37
56
6100
65
50
34
18
0
18
38
58
6200
67
52
35
18
0
19
39
60
6300
69
53
36
19
0
19
40
61
6400
71
55
37
19
0
20
41
63
6500
73
56
39
20
0
21
42
65
6600
76
58
40
20
0
21
43
67
6700
78
60
41
21
0
22
45
68
6800
80
62
42
22
0
22
46
70
6900
83
63
43
22
0
23
47
72
7000
85
65
44
23
0
24
49
75
136
(U//FOUO)
(U//FOUO)
(U//FOUO)
UNCLASSIFIED//FOR OFFICIAL USE ONLY


==================================================
FIM DO TEXTO EXTRAÍDO
