=== TEXTO EXTRAÍDO DA PÁGINA 37 ===
PDF: BR-B-UUQ_Firing_Table_Part_1
==================================================

FT 155-AR-1 
PART 1
LXXIII 
Natural Trigonometric Functions
Mil
Sin
Cos
Tan
Cot
Mil
Sin
Cos
Tan
Cot
0
.0000
1.0000
.0000
1600
400
.3827
.9239
.4142
2.414
1200
10
20
30
40
.0098
.0196
.0295
.0393
1.0000
.9998
.9996
.9992
.0098
.0196
.0295
.0393
101.9
50.92
33.94
25.45
90
80
70
60
10
20
30
40
.3917
.4008
.4097
.4187
.9201
.9162
.9122
.9081
.4258
.4374
.4492
.4610
2.349
2.286
2.226
2.169
90
80
70
60
50
.0491
.9988
.0491
20.36
50
50
.4276
.9040
.4730
2.114
50
60
70
80
90
.0589
.0687
.0785
.0882
.9983
.9976
.9969
.9961
.0590
.0688
.0787
.0886
16.96
14.53
12.71
11.29
40
30
20
10
60
70
80
90
.4364
.4452
.4540
.4627
.8998
.8954
.8910
.8865
.4850
.4972
.5095
.5220
2.062
2.011
1.963
1.916
40
30
20
10
100
.0980
.9952
.0985
10.15
1500
500
.4714
.8819
.5345
1.871
1100
10
20
30
40
.1078
.1175
.1273
.1370
.9942
.9931
.9919
.9906
.1084
.1184
.1283
.1383
9.224
8.449
7.793
7.230
90
80
70
60
10
20
30
40
.4800
.4886
.4972
.5057
.8773
.8725
.8677
.8627
.5472
.5600
.5730
.5861
1.827
1.786
1.745
1.706
90
80
70
60
50
.1467
.9892
.1483
6.741
50
50
.5141
.8577
.5994
1.668
50
60
70
80
90
.1564
.1661
.1758
.1855
.9877
.9861
.9844
.9827
.1584
.1685
.1786
.1887
6.314
5.936
5.600
5.299
40
30
20
10
60
70
80
90
.5225
.5308
.5391
.5474
.8526
.8475
.8422
.8369
.6128
.6264
.6401
.6541
1.632
1.596
1.562
1.529
40
30
20
10
200
.1951
.9808
.1989
5.027
1400
600
.5556
.8315
.6682
1.497
1000
10
20
30
40
.2047
.2143
.2239
.2334
.9788
.9768
.9746
.9724
.2091
.2194
.2297
.2401
4.781
4.558
4.353
4.165
90
80
70
60
10
20
30
40
.5637
.5718
.5798
.5878
.8260
.8204
.8148
.8090
.6825
.6970
.7116
.7265
1.465
1.435
1.405
1.376
90
80
70
60
50
.2430
.9700
.2505
3.992
50
50
.5957
.8032
.7416
1.348
50
60
70
80
90
.2525
.2620
.2714
.2809
.9676
.9651
.9625
.9597
.2610
.2715
.2820
.2927
3.832
3.684
3.546
3.417
40
30
20
10
60
70
80
90
.6036
.6114
.6191
.6268
.7973
.7914
.7853
.7792
.7570
.7725
.7883
.8044
1.321
1.294
1.268
1.243
40
30
20
10
300
.2903
.9569
.3034
3.297
1300
700
.6344
.7730
.8207
1.219
900
10
20
30
40
.2997
.3090 
.3183
.3276
.9540
.9511
.9480
.9448
.3141
.3249
.3358
.3468
3.184
3.078
2.978
2.884
90
80
70
60
10
20
30
40
.6420
.6494
.6569
.6643
.7668
.7604
.7540
.7475
.8372
.8541
.8712
.8886
1.194
1.171
1.148
1.125
90
80
70
60
50
.3369
.9415
.3578
2.795
50
50
.6716
.7410
.9064
1.103
50
60
70
80
90
.3461
.3553
.3645
.3736
.9382
.9348
.9312
.9276
.3689
.3801
.3914
.4028
2.711
2.631
2.555
2.483
40
30
20
10
60
70
80
90
.6788
.6860
.6931
.7001
.7343
.7276
.7208
.7140
.9244
.9428
.9615
.9806
1.082
1.061
1.040
1.020
40
30
20
10
400
.3827
.9239
.4142
2.414
1200
800
.7071
.7071
1.000
1.000
800
Cos
Sin
Cot
Tan
Mil
Cos
Sin
Cot
Tan
Mil
UNCLASSIFIED//FOR OFFICIAL USE ONLY 
UNCLASSIFIED//FOR OFFICIAL USE ONLY 
(U)
(U)
(U)
(U)
(U)


==================================================
FIM DO TEXTO EXTRAÍDO
