=== TEXTO EXTRAÍDO DA PÁGINA 111 ===
PDF: BR-B-UUQ_Firing_Table_Part_1
==================================================

7
7
F T 155 AR 1
TABLE B
CHARGE
PART 1
5G
PROJ , HE , M79 5
COMPLEMENTARY RANGE
FUZE , PD , M739 A1
L I NE NUMBER
CHANGE
I N RANGE ,
I N METERS
TO CORRECT FOR COMPLEMENTARY ANGLE OF S I TE
L I NE NUMBERS OF METEOROLOG I CAL MESSAGE
HE I GHT OF TARGET ABOVE GUN
METERS
RANGE
L I NE
400
500
600
700
800
9 00
1000
METERS
NO.
630
766
892
1009
1115
1210
1294
7500
650
791
922
1044
1156
1256
1346
7400
671
816
952
1079
1196
1302
1397
7300
691
841
983
1114
1236
1347
1447
7200
712
867
1013
1149
1276
1392
1498
7100
733
893
1044
1185
1316
1437
1548
7000
754
919
1075
1221
1357
1482
1598
6900
776
946
1106
1257
1398
1528
1648
6800
798
973
1138
1294
1439
1574
1698
6700
820
1001
1171
1331
1481
1621
1749
6600
843
1029
1204
1369
1524
1668
1801
6500
867
1058
1239
1408
1568
1716
1854
6400
892
1088
1273
1448
1612
1765
1907
6300
917
1119
1309
1489
1658
1815
1961
6200
943
1150
1346
1531
1704
1866
2016
6100
970
1183
1384
1574
1752
1918
2073
6000
998
1216
1423
1618
1801
1972
2131
5900
1027
1251
1463
1663
1851
2027
2190
5800
1057
1288
1505
1710
1903
2083
2251
5700
1089
1325
1548
1759
1956
2141
2313
5600
1121
1364
1593
1809
2012
2201
2377
5500
1156
1405
1640
1861
2069
2263
2444
5400
1192
1447
1688
1915
2128
2327
2512
5300
1229
1492
1739
1971
2189
2393
2582
5200
1269
1538
1792
2030
2253
2461
2655
5100
1311
1587
1847
2091
2319
2532
2730
5000
1355
1639
1905
2155
2388
2606
2808
4900
1402
1693
1966
2221
2460
2682
2888
4800
1451
1750
2029
2291
2535
2762
2972
4700
1504
1810
2097
2364
2614
2845
3059
4600
2167
2441
2695
2932
3150
4500
3244
4400
73
(U//FOUO)
(U//FOUO)
(U//FOUO)
UNCLASSIFIED//FOR OFFICIAL USE ONLY


==================================================
FIM DO TEXTO EXTRAÍDO
