=== TEXTO EXTRAÍDO DA PÁGINA 232 ===
PDF: BR-B-UUQ_Firing_Table_Part_1
==================================================

CHARGE
TABLE F
F T 155 AR 1
6W
PART 1
BAS I C DATA
PROJ , HE , M79 5
FUZE , PD , M739 A1
1
2
3
4
5
6
7
8
9
R
E
FS FOR
DFS
DR
F
T IME
AZ IMUTH
A
L
GRAZE
PER
PER
O
OF
CORRECT IONS
N
E
BURST
10 M
1 M I L
R
FL I GHT
G
V
DEC
D ELEV
K
DR I F T
CW
E
FUZE
HOB
( CORR
OF
M582
TO L )
1 KNOT
M
M I L
M
M I L
SEC
M I L
M I L
10000
1089 . 7
65.9
0. 03
13
8
65.9
56. 0
1. 07
9900
1097. 4
66. 2
0. 03
13
8
66. 2
57. 3
1. 09
9800
1105. 0
66. 5
0. 03
13
8
66. 5
58. 6
1. 11
9700
1112. 3
66. 7
0. 03
14
7
66. 7
59 .9
1. 12
9600
1119 . 5
67. 0
0. 03
14
7
67. 0
61. 3
1. 14
9500
1126. 5
67. 2
0. 03
14
7
67. 2
62. 7
1. 16
9400
1133. 4
67. 5
0. 03
15
7
67. 5
64. 1
1. 18
9300
1140. 1
67. 7
0. 03
15
7
67. 7
65. 6
1. 20
9200
1146. 7
67.9
0. 03
15
6
67.9
67. 1
1. 21
9100
1153. 2
68. 1
0. 03
16
6
68. 1
68. 6
1. 23
9000
1159 . 5
68. 4
0. 03
16
6
68. 4
70. 2
1. 26
8900
1165. 7
68. 6
0. 03
16
6
68. 6
71. 8
1. 28
8800
1171. 8
68. 8
0. 03
17
6
68. 8
73. 4
1. 30
8700
1177. 7
69 . 0
0. 03
17
5
69 . 0
75. 1
1. 32
8600
1183. 6
69 . 2
0. 03
17
5
69 . 2
76. 8
1. 34
8500
1189 . 4
69 . 3
0. 03
18
5
69 . 3
78. 6
1. 37
8400
1195. 0
69 . 5
0. 03
18
5
69 . 5
80. 4
1. 39
8300
1200. 6
69 . 7
0. 03
18
5
69 . 7
82. 3
1. 42
8200
1206. 1
69 .9
0. 03
18
5
69 .9
84. 3
1. 45
8100
1211. 4
70. 0
0. 03
19
4
70. 0
86. 4
1. 47
8000
1216. 7
70. 2
0. 03
19
4
70. 2
88. 5
1. 50
7900
1221.9
70. 4
0. 03
19
4
70. 4
90. 7
1. 54
7800
1227. 0
70. 5
0. 03
20
4
70. 5
93. 1
1. 57
7700
1232. 0
70. 7
0. 03
20
4
70. 7
95. 6
1. 60
7600
1236.9
70.9
0. 03
21
4
70.9
98. 2
1. 64
7500
1241. 8
71. 0
0. 03
21
4
71. 0
100.9
1. 68
7400
1246. 5
71. 2
0. 03
21
4
71. 2
103. 8
1. 72
7300
1251. 2
71. 3
0. 03
22
3
71. 3
106.9
1. 76
7200
1255. 7
71. 5
0. 03
22
3
71. 5
110. 2
1. 81
7100
1260. 2
71. 6
0. 03
23
3
71. 6
113. 7
1. 86
7000
1264. 6
71. 7
0. 03
23
3
71. 7
117. 4
1.91
6900
1268.9
71.9
0. 03
24
71.9
121. 5
1.97
6800
1273. 0
72. 0
0. 03
24
72. 0
125. 8
2. 03
6700
1277. 1
72. 2
0. 03
25
72. 2
130. 5
2. 10
6600
1281. 1
72. 3
0. 03
25
72. 3
135. 7
2. 18
6500
1285. 0
72. 5
0. 03
26
72. 5
141. 2
19 4
(U//FOUO)
(U//FOUO)
(U//FOUO)
UNCLASSIFIED//FOR OFFICIAL USE ONLY


==================================================
FIM DO TEXTO EXTRAÍDO
