=== TEXTO EXTRAÍDO DA PÁGINA 314 ===
PDF: BR-B-UUQ_Firing_Table_Part_1
==================================================

10
11
11
CHARGE
TABLE B
F T 155 AR 1
7R
PART 1
COMPLEMENTARY RANGE
PROJ , HE , M79 5
L I NE NUMBER
FUZE , PD , M739 A1
CHANGE
I N RANGE ,
I N METERS
TO CORRECT FOR COMPLEMENTARY ANGLE OF S I TE
L I NE NUMBERS OF METEOROLOG I CAL MESSAGE
L I NE
RANGE
HE I GHT OF TARGET ABOVE GUN
METERS
NO.
METERS
400
300
200
100
0
100
200
300
15000
729
539
354
175
0
170
335
495
14900
742
549
361
178
0
173
341
505
14800
756
559
368
181
0
176
348
514
14700
770
569
374
185
0
179
354
523
14600
784
580
381
188
0
183
360
533
14500
798
590
388
191
0
186
367
542
14400
812
601
395
195
0
189
373
552
14300
827
612
402
198
0
193
380
562
14200
842
623
409
202
0
196
387
572
14100
858
634
416
205
0
200
394
582
14000
873
646
424
209
0
203
401
592
13900
889
657
432
213
0
207
407
603
13800
906
669
439
216
0
210
415
613
13700
923
682
448
220
0
214
422
624
13600
940
694
456
224
0
218
429
634
13500
958
707
464
228
0
222
437
645
13400
977
720
472
232
0
226
445
657
13300
996
734
481
237
0
230
452
668
13200
1015
748
490
241
0
234
460
680
13100
1035
762
499
245
0
238
468
692
13000
1056
778
509
250
0
242
477
704
12900
1078
793
519
255
0
247
485
716
12800
1101
809
529
260
0
251
494
729
12700
1125
826
540
265
0
256
503
742
12600
1149
843
551
270
0
261
512
755
12500
1174
861
562
275
0
265
522
769
12400
1201
880
573
281
0
271
531
783
12300
1229
899
586
287
0
276
541
798
12200
1258
919
599
293
0
281
552
812
12100
1288
940
611
298
0
287
562
827
12000
1321
962
625
305
0
293
573
843
11900
1355
986
640
312
0
299
585
859
11800
1010
654
319
0
305
596
876
11700
1035
669
325
0
311
608
893
11600
1062
685
333
0
318
621
911
11500
702
340
0
325
634
929
276
(U//FOUO)
(U//FOUO)
(U//FOUO)
UNCLASSIFIED//FOR OFFICIAL USE ONLY


==================================================
FIM DO TEXTO EXTRAÍDO
