=== TEXTO EXTRAÍDO DA PÁGINA 280 ===
PDF: BR-B-UUQ_Firing_Table_Part_1
==================================================

CHARGE
TABLE F
F T 155 AR 1
7W
PART 1
BAS I C DATA
PROJ , HE , M79 5
FUZE , PD , M739 A1
1
2
3
4
5
6
7
8
9
R
E
FS FOR
DFS
DR
F
T IME
AZ IMUTH
A
L
GRAZE
PER
PER
O
OF
CORRECT IONS
N
E
BURST
10 M
1 M I L
R
FL I GHT
G
V
DEC
D ELEV
K
DR I F T
CW
E
FUZE
HOB
( CORR
OF
M582
TO L )
1 KNOT
M
M I L
M
M I L
SEC
M I L
M I L
11500
1137. 0
76. 1
0. 03
18
6
76. 1
71. 5
1. 30
11400
1142. 4
76. 3
0. 03
19
5
76. 3
72. 8
1. 32
11300
1147. 7
76. 6
0. 03
19
5
76. 6
74. 2
1. 34
11200
1153. 0
76. 8
0. 03
19
5
76. 8
75. 5
1. 35
11100
1158. 1
77. 0
0. 03
20
5
77. 0
77. 0
1. 37
11000
1163. 2
77. 2
0. 03
20
5
77. 2
78. 4
1. 39
10900
1168. 2
77. 3
0. 03
20
5
77. 3
79 .9
1. 41
10800
1173. 1
77. 5
0. 03
21
5
77. 5
81. 4
1. 43
10700
1177.9
77. 7
0. 03
21
5
77. 7
82.9
1. 45
10600
1182. 6
77.9
0. 03
21
4
77.9
84. 5
1. 47
10500
1187. 3
78. 1
0. 03
22
4
78. 1
86. 2
1. 49
10400
1191.9
78. 2
0. 03
22
4
78. 2
87.9
1. 51
10300
1196. 4
78. 4
0. 03
22
4
78. 4
89 . 6
1. 54
10200
1200.9
78. 6
0. 03
23
4
78. 6
91. 4
1. 56
10100
1205. 3
78. 7
0. 03
23
4
78. 7
93. 3
1. 58
10000
1209 . 6
78.9
0. 03
23
4
78.9
95. 2
1. 61
9900
1213. 8
79 . 1
0. 03
24
4
79 . 1
97. 2
1. 64
9800
1218. 0
79 . 2
0. 03
24
4
79 . 2
99 . 2
1. 66
9700
1222. 1
79 . 4
0. 03
24
3
79 . 4
101. 4
1. 69
9600
1226. 2
79 . 5
0. 03
25
3
79 . 5
103. 6
1. 72
9500
1230. 2
79 . 7
0. 03
25
3
79 . 7
105.9
1. 75
9400
1234. 1
79 . 8
0. 03
26
3
79 . 8
108. 3
1. 78
9300
1238. 0
80. 0
0. 03
26
3
80. 0
110.9
1. 82
9200
1241. 8
80. 1
0. 03
26
3
80. 1
113. 5
1. 85
9100
1245. 5
80. 3
0. 03
27
3
80. 3
116. 3
1. 89
9000
1249 . 2
80. 4
0. 03
27
3
80. 4
119 . 3
1.93
8900
1252. 8
80. 5
0. 03
28
80. 5
122. 4
1.97
8800
1256. 4
80. 7
0. 03
28
80. 7
125. 7
2. 02
8700
1259 .9
80. 8
0. 03
29
80. 8
129 . 1
2. 06
8600
1263. 3
81. 0
0. 03
30
81. 0
132. 8
2. 11
8500
1266. 6
81. 1
0. 03
30
81. 1
136. 8
2. 17
8400
1269 .9
81. 3
0. 03
31
81. 3
141. 0
2. 23
8300
1273. 1
81. 4
0. 03
32
81. 4
145. 4
8200
1276. 2
81. 6
0. 03
32
81. 6
150. 2
8100
1279 . 3
81. 7
0. 03
33
81. 7
155. 3
8000
1282. 3
81.9
0. 03
81.9
160. 7
242
(U//FOUO)
(U//FOUO)
(U//FOUO)
UNCLASSIFIED//FOR OFFICIAL USE ONLY


==================================================
FIM DO TEXTO EXTRAÍDO
