=== TEXTO EXTRAÍDO DA PÁGINA 323 ===
PDF: BR-B-UUQ_Firing_Table_Part_1
==================================================

F T 155 AR 1
TABLE F
CHARGE
PART 1
7R
PROJ , HE , M79 5
CORRECT ION FACTORS
FUZE , PD , M739 A1
1
10
11
12
13
14
15
16
17
18
19
R
RANGE CORRECT IONS FOR
A
N
MUZZLE
RANGE
A IR
A IR
PROJ WT
G
VELOC I TY
WI ND
TEMP
DENS I TY
OF 1 SQ
E
1 M / S
1 KNOT
1 PCT
1 PCT
( 4 SQ STD)
DEC
I NC
HEAD
TA I L
DEC
I NC
DEC
I NC
DEC
I NC
M
M
M
M
M
M
M
M
M
M
M
3500
9 . 5
9 . 1
0. 7
0 . 6
1 . 4
1. 2
5 . 8
5.9
14
15
3600
9 . 7
9 . 4
0. 7
0 . 7
1 . 5
1. 3
6 . 1
6. 3
14
15
3700
9 .9
9 . 6
0. 7
0 . 7
1 . 5
1. 4
6 . 4
6. 6
15
15
3800
10. 2
9 . 8
0. 8
0 . 7
1 . 6
1. 5
6 . 8
7. 0
15
15
3900
10. 4
10 . 0
0. 8
0 . 8
1 . 7
1. 6
7 . 1
7. 4
15
15
4000
10. 6
10 . 2
0.9
0 . 8
1 . 8
1. 6
7 . 5
7. 7
15
15
4100
10. 8
10 . 4
0.9
0 . 9
1 . 9
1. 7
7 . 8
8. 1
15
15
4200
11. 0
10 . 7
1. 0
0 . 9
2 . 0
1. 8
8 . 2
8. 5
15
16
4300
11. 2
10 . 9
1. 0
1 . 0
2 . 1
1.9
8 . 6
8.9
15
16
4400
11. 5
11 . 1
1. 1
1 . 0
2 . 2
2. 0
9 . 0
9 . 3
15
16
4500
11. 7
11 . 3
1. 1
1 . 1
2 . 3
2. 0
9 . 4
9 . 7
15
16
4600
11.9
11 . 5
1. 2
1 . 1
2 . 4
2. 1
9 . 8
10. 2
15
16
4700
12. 1
11 . 7
1. 2
1 . 2
2 . 5
2. 2
10 . 2
10. 6
15
16
4800
12. 3
11 . 9
1. 3
1 . 2
2 . 6
2. 3
10 . 6
11. 1
15
16
4900
12. 5
12 . 1
1. 3
1 . 3
2 . 7
2. 4
11 . 1
11. 5
15
16
5000
12. 7
12 . 3
1. 4
1 . 3
2 . 8
2. 5
11 . 5
12. 0
15
16
5100
12.9
12 . 5
1. 5
1 . 4
2 . 9
2. 6
12 . 0
12. 5
15
16
5200
13. 1
12 . 7
1. 5
1 . 4
3 . 0
2. 7
12 . 4
12.9
15
16
5300
13. 3
12 . 9
1. 6
1 . 5
3 . 1
2. 8
12 . 9
13. 4
15
16
5400
13. 5
13 . 1
1. 6
1 . 5
3 . 2
2.9
13 . 3
13.9
15
15
5500
13. 7
13 . 2
1. 7
1 . 6
3 . 3
3. 0
13 . 8
14. 4
15
15
5600
13.9
13 . 4
1. 8
1 . 7
3 . 4
3. 1
14 . 3
15. 0
14
15
5700
14. 1
13 . 6
1.9
1 . 7
3 . 6
3. 2
14 . 8
15. 5
14
15
5800
14. 2
13 . 8
1.9
1 . 8
3 . 7
3. 3
15 . 3
16. 0
14
15
5900
14. 4
14 . 0
2. 0
1 . 9
3 . 8
3. 5
15 . 8
16. 6
14
15
6000
14. 6
14 . 2
2. 1
1 . 9
3 . 9
3. 6
16 . 3
17. 1
14
15
6100
14. 8
14 . 3
2. 2
2 . 0
4 . 0
3. 7
16 . 8
17. 7
14
15
6200
15. 0
14 . 5
2. 2
2 . 1
4 . 2
3. 8
17 . 4
18. 2
13
14
6300
15. 1
14 . 7
2. 3
2 . 1
4 . 3
3.9
17 . 9
18. 8
13
14
6400
15. 3
14 . 9
2. 4
2 . 2
4 . 4
4. 0
18 . 4
19 . 4
13
14
6500
15. 5
15 . 0
2. 5
2 . 3
4 . 5
4. 1
19 . 0
20. 0
13
14
6600
15. 7
15 . 2
2. 6
2 . 4
4 . 7
4. 3
19 . 5
20. 6
12
14
6700
15. 8
15 . 4
2. 6
2 . 4
4 . 8
4. 4
20 . 1
21. 2
12
13
6800
16. 0
15 . 6
2. 7
2 . 5
4 . 9
4. 5
20 . 7
21. 8
12
13
6900
16. 2
15 . 7
2. 8
2 . 6
5 . 1
4. 6
21 . 3
22. 4
12
13
7000
16. 4
15 . 9
2.9
2 . 7
5 . 2
4. 7
21 . 8
23. 0
11
13
285
(U//FOUO)
(U//FOUO)
(U//FOUO)
UNCLASSIFIED//FOR OFFICIAL USE ONLY


==================================================
FIM DO TEXTO EXTRAÍDO
