=== TEXTO EXTRAÍDO DA PÁGINA 270 ===
PDF: BR-B-UUQ_Firing_Table_Part_1
==================================================

CHARGE
TABLE F
F T 155 AR 1
7W
PART 1
BAS I C DATA
PROJ , HE , M79 5
FUZE , PD , M739 A1
1
2
3
4
5
6
7
8
9
R
E
FS FOR
DFS
DR
F
T IME
AZ IMUTH
A
L
GRAZE
PER
PER
O
OF
CORRECT IONS
N
E
BURST
10 M
1 M I L
R
FL I GHT
G
V
DEC
D ELEV
K
DR I F T
CW
E
FUZE
HOB
( CORR
OF
M582
TO L )
1 KNOT
M
M I L
M
M I L
SEC
M I L
M I L
0
0. 0
59
1
0. 0
0. 0
0. 00
100
1. 8
59
1
0. 2
0. 0
0. 00
200
3. 5
58
1
0. 4
0. 1
0. 01
300
5. 2
57
1
0. 6
0. 1
0. 01
400
6.9
56
1
0. 7
0. 2
0. 02
500
8. 7
56
1
0.9
0. 2
0. 02
600
10. 5
55
1
1. 1
0. 3
0. 03
700
12. 3
55
1
1. 3
0. 3
0. 03
800
14. 2
54
1
1. 5
0. 4
0. 03
900
16. 0
53
1
1. 7
0. 4
0. 04
1000
17.9
1.9
1. 07
53
1
1.9
0. 5
0. 04
1100
19 . 8
2. 1
0.97
52
1
2. 1
0. 5
0. 05
1200
21. 7
2. 3
0. 89
52
1
2. 3
0. 6
0. 05
1300
23. 7
2. 5
0. 82
51
1
2. 5
0. 6
0. 06
1400
25. 7
2. 7
0. 75
50
1
2. 7
0. 7
0. 06
1500
27. 7
2.9
0. 70
50
1
2.9
0. 7
0. 07
1600
29 . 7
3. 2
0. 66
49
1
3. 2
0. 8
0. 07
1700
31. 8
3. 4
0. 62
48
1
3. 4
0. 8
0. 07
1800
33. 8
3. 6
0. 58
48
1
3. 6
0.9
0. 08
1900
35.9
3. 8
0. 55
47
1
3. 8
1. 0
0. 08
2000
38. 1
4. 0
0. 52
47
1
4. 0
1. 0
0. 09
2100
40. 2
4. 2
0. 49
46
1
4. 2
1. 1
0. 09
2200
42. 4
4. 5
0. 47
46
1
4. 5
1. 1
0. 10
2300
44. 6
4. 7
0. 45
45
1
4. 7
1. 2
0. 10
2400
46.9
4.9
0. 43
44
1
4.9
1. 3
0. 11
2500
49 . 1
5. 1
0. 41
44
1
5. 1
1. 3
0. 11
2600
51. 4
5. 4
0. 39
43
1
5. 4
1. 4
0. 12
2700
53. 7
5. 6
0. 38
43
1
5. 6
1. 5
0. 12
2800
56. 1
5. 8
0. 36
42
1
5. 8
1. 5
0. 13
2900
58. 5
6. 1
0. 35
42
1
6. 1
1. 6
0. 13
3000
60.9
6. 3
0. 33
41
1
6. 3
1. 6
0. 14
3100
63. 4
6. 5
0. 32
41
1
6. 5
1. 7
0. 14
3200
65. 8
6. 8
0. 31
40
1
6. 8
1. 8
0. 15
3300
68. 4
7. 0
0. 30
39
1
7. 0
1.9
0. 15
3400
70.9
7. 3
0. 29
39
1
7. 3
1.9
0. 16
3500
73. 5
7. 5
0. 28
38
1
7. 5
2. 0
0. 17
232
(U//FOUO)
(U//FOUO)
(U//FOUO)
UNCLASSIFIED//FOR OFFICIAL USE ONLY


==================================================
FIM DO TEXTO EXTRAÍDO
