=== TEXTO EXTRAÍDO DA PÁGINA 324 ===
PDF: BR-B-UUQ_Firing_Table_Part_1
==================================================

CHARGE
TABLE F
F T 155 AR 1
7R
PART 1
BAS I C DATA
PROJ , HE , M79 5
FUZE , PD , M739 A1
1
2
3
4
5
6
7
8
9
R
E
FS FOR
DFS
DR
F
T IME
AZ IMUTH
A
L
GRAZE
PER
PER
O
OF
CORRECT IONS
N
E
BURST
10 M
1 M I L
R
FL I GHT
G
V
DEC
D ELEV
K
DR I F T
CW
E
FUZE
HOB
( CORR
OF
M582
TO L )
1 KNOT
M
M I L
M
M I L
SEC
M I L
M I L
7000
120. 8
14. 3
0. 15
39
2
14. 3
3. 7
0. 27
7100
123. 4
14. 6
0. 15
39
2
14. 6
3. 8
0. 27
7200
126. 0
14.9
0. 15
38
2
14.9
3.9
0. 28
7300
128. 6
15. 1
0. 15
38
2
15. 1
4. 0
0. 28
7400
131. 3
15. 4
0. 14
37
2
15. 4
4. 1
0. 29
7500
134. 0
15. 7
0. 14
37
3
15. 7
4. 2
0. 29
7600
136. 7
16. 0
0. 14
36
3
16. 0
4. 3
0. 30
7700
139 . 5
16. 3
0. 14
36
3
16. 3
4. 3
0. 30
7800
142. 3
16. 6
0. 13
35
3
16. 6
4. 4
0. 31
7900
145. 2
16.9
0. 13
35
3
16.9
4. 5
0. 31
8000
148. 1
17. 2
0. 13
34
3
17. 2
4. 6
0. 32
8100
151. 0
17. 5
0. 13
34
3
17. 5
4. 7
0. 32
8200
154. 0
17. 8
0. 12
33
3
17. 8
4. 8
0. 33
8300
157. 0
18. 1
0. 12
33
3
18. 1
4.9
0. 33
8400
160. 1
18. 4
0. 12
33
3
18. 4
5. 0
0. 34
8500
163. 1
18. 7
0. 12
32
3
18. 7
5. 1
0. 34
8600
166. 3
19 . 0
0. 12
32
3
19 . 0
5. 2
0. 35
8700
169 . 4
19 . 3
0. 11
31
3
19 . 3
5. 3
0. 35
8800
172. 6
19 . 6
0. 11
31
3
19 . 6
5. 4
0. 36
8900
175.9
19 .9
0. 11
31
3
19 .9
5. 5
0. 36
9000
179 . 2
20. 3
0. 11
30
4
20. 3
5. 7
0. 37
9100
182. 5
20. 6
0. 11
30
4
20. 6
5. 8
0. 37
9200
185.9
20.9
0. 11
30
4
20.9
5.9
0. 38
9300
189 . 3
21. 2
0. 10
29
4
21. 2
6. 0
0. 38
9400
192. 7
21. 6
0. 10
29
4
21. 6
6. 1
0. 39
9500
196. 2
21.9
0. 10
28
4
21.9
6. 2
0. 39
9600
199 . 7
22. 2
0. 10
28
4
22. 2
6. 3
0. 40
9700
203. 3
22. 6
0. 10
28
4
22. 6
6. 5
0. 40
9800
206.9
22.9
0. 10
28
4
22.9
6. 6
0. 41
9900
210. 6
23. 2
0. 09
27
4
23. 2
6. 7
0. 41
10000
214. 3
23. 6
0. 09
27
4
23. 6
6. 8
0. 42
10100
218. 0
23.9
0. 09
27
4
23.9
7. 0
0. 42
10200
221. 8
24. 3
0. 09
26
4
24. 3
7. 1
0. 43
10300
225. 6
24. 6
0. 09
26
5
24. 6
7. 2
0. 43
10400
229 . 5
25. 0
0. 09
26
5
25. 0
7. 3
0. 44
10500
233. 4
25. 3
0. 09
25
5
25. 3
7. 5
0. 44
286
(U//FOUO)
(U//FOUO)
(U//FOUO)
UNCLASSIFIED//FOR OFFICIAL USE ONLY


==================================================
FIM DO TEXTO EXTRAÍDO
