=== TEXTO EXTRAÍDO DA PÁGINA 77 ===
PDF: BR-B-UUQ_Firing_Table_Part_1
==================================================

3
4
5
5
F T 155 AR 1
TABLE B
CHARGE
PART 1
4G
PROJ , HE , M79 5
COMPLEMENTARY RANGE
FUZE , PD , M739 A1
L I NE NUMBER
CHANGE
I N RANGE ,
I N METERS
TO CORRECT FOR COMPLEMENTARY ANGLE OF S I TE
L I NE NUMBERS OF METEOROLOG I CAL MESSAGE
HE I GHT OF TARGET ABOVE GUN
METERS
RANGE
L I NE
400
500
600
700
800
9 00
1000
METERS
NO.
94
120
148
177
208
240
274
3500
97
124
153
183
215
249
284
3600
101
129
159
190
223
257
294
3700
104
133
164
196
230
266
304
3800
108
138
170
203
238
276
315
3900
111
143
175
210
247
285
326
4000
115
147
181
217
255
295
337
4100
119
152
188
225
264
305
349
4200
123
157
194
232
273
316
361
4300
127
163
200
240
282
327
374
4400
131
168
207
248
292
338
388
4500
135
174
214
257
302
350
402
4600
140
180
221
266
313
363
416
4700
145
186
229
275
324
376
432
4800
149
192
237
285
336
390
448
4900
154
198
245
295
348
405
466
5000
160
205
254
306
361
421
485
5100
165
213
263
317
375
438
506
5200
171
220
273
329
390
456
529
5300
177
229
284
343
407
477
555
5400
184
237
295
357
425
500
584
5500
191
247
307
373
445
526
618
5600
198
257
321
391
468
557
662
5700
207
268
336
411
495
595
723
5800
216
281
353
434
529
649
5900
226
295
374
464
576
6000
238
313
399
505
6100
251
334
434
6200
268
364
6300
293
6400
6500
6600
6700
6800
****************************************************************
6800
6700
6600
6500
39
(U//FOUO)
(U//FOUO)
(U//FOUO)
UNCLASSIFIED//FOR OFFICIAL USE ONLY


==================================================
FIM DO TEXTO EXTRAÍDO
