=== TEXTO EXTRAÍDO DA PÁGINA 117 ===
PDF: BR-B-UUQ_Firing_Table_Part_1
==================================================

F T 155 AR 1
TABLE F
CHARGE
PART 1
5G
PROJ , HE , M79 5
CORRECT ION FACTORS
FUZE , PD , M739 A1
1
10
11
12
13
14
15
16
17
18
19
R
RANGE CORRECT IONS FOR
A
N
MUZZLE
RANGE
A IR
A IR
PROJ WT
G
VELOC I TY
WI ND
TEMP
DENS I TY
OF 1 SQ
E
1 M / S
1 KNOT
1 PCT
1 PCT
( 4 SQ STD)
DEC
I NC
HEAD
TA I L
DEC
I NC
DEC
I NC
DEC
I NC
M
M
M
M
M
M
M
M
M
M
M
3500
13. 8
12 . 7
4. 0
3 . 2
9 . 0
7 . 4
3 . 9
3.9
19
20
3600
14. 1
13 . 0
4. 2
3 . 3
9 . 4
7 . 7
4 . 1
4. 1
19
20
3700
14. 4
13 . 2
4. 4
3 . 4
9 . 8
8 . 0
4 . 3
4. 3
20
21
3800
14. 7
13 . 5
4. 6
3 . 6
10. 2
8 . 3
4 . 5
4. 5
20
21
3900
15. 0
13 . 7
4. 7
3 . 7
10. 6
8 . 6
4 . 7
4. 7
20
21
4000
15. 3
14 . 0
4.9
3 . 9
11. 0
8 . 9
4 . 9
4.9
20
22
4100
15. 6
14 . 2
5. 1
4 . 0
11. 4
9 . 2
5 . 1
5. 1
21
22
4200
15.9
14 . 5
5. 3
4 . 1
11. 8
9 . 5
5 . 3
5. 3
21
22
4300
16. 1
14 . 7
5. 5
4 . 3
12. 2
9 . 7
5 . 5
5. 5
21
23
4400
16. 4
15 . 0
5. 7
4 . 4
12. 6
10 . 0
5 . 7
5. 7
21
23
4500
16. 7
15 . 2
5.9
4 . 5
12.9
10 . 3
6 . 0
6. 0
22
23
4600
17. 0
15 . 4
6. 1
4 . 7
13. 3
10 . 5
6 . 2
6. 2
22
23
4700
17. 3
15 . 7
6. 3
4 . 8
13. 7
10 . 8
6 . 4
6. 4
22
24
4800
17. 6
15 . 9
6. 5
5 . 0
14. 1
11 . 1
6 . 7
6. 7
22
24
4900
17.9
16 . 2
6. 7
5 . 1
14. 4
11 . 3
6 . 9
6.9
23
24
5000
18. 2
16 . 4
6.9
5 . 2
14. 8
11 . 6
7 . 2
7. 1
23
24
5100
18. 5
16 . 7
7. 1
5 . 4
15. 1
11 . 8
7 . 4
7. 4
23
24
5200
18. 7
16 . 9
7. 3
5 . 5
15. 4
12 . 1
7 . 7
7. 6
23
25
5300
19 . 1
17 . 2
7. 5
5 . 6
15. 8
12 . 3
7 . 9
7.9
23
25
5400
19 . 4
17 . 4
7. 7
5 . 8
16. 1
12 . 5
8 . 2
8. 2
24
25
5500
19 . 7
17 . 7
7.9
5 . 9
16. 4
12 . 7
8 . 4
8. 4
24
25
5600
20. 0
17 . 9
8. 1
6 . 1
16. 8
13 . 0
8 . 7
8. 7
24
26
5700
20. 3
18 . 2
8. 3
6 . 2
17. 1
13 . 2
9 . 0
9 . 0
24
26
5800
20. 6
18 . 4
8. 4
6 . 3
17. 4
13 . 4
9 . 2
9 . 3
24
26
5900
20.9
18 . 7
8. 6
6 . 5
17. 7
13 . 6
9 . 5
9 . 6
25
26
6000
21. 2
18 . 9
8. 8
6 . 6
17.9
13 . 8
9 . 8
9 .9
25
27
6100
21. 5
19 . 2
9 . 0
6 . 7
18. 2
14 . 0
10 . 1
10. 2
25
27
6200
21.9
19 . 4
9 . 2
6 . 9
18. 5
14 . 1
10 . 4
10. 5
25
27
6300
22. 2
19 . 7
9 . 4
7 . 0
18. 8
14 . 3
10 . 7
10. 8
25
27
6400
22. 5
19 . 9
9 . 6
7 . 2
19 . 0
14 . 5
11 . 0
11. 1
25
28
6500
22. 8
20 . 2
9 . 8
7 . 3
19 . 3
14 . 7
11 . 3
11. 5
25
28
6600
23. 1
20 . 5
9 .9
7 . 4
19 . 5
14 . 8
11 . 6
11. 8
26
28
6700
23. 4
20 . 7
10. 1
7 . 6
19 . 7
15 . 0
11 . 9
12. 1
26
28
6800
23. 8
21 . 0
10. 3
7 . 7
20. 0
15 . 1
12 . 2
12. 5
26
29
6900
24. 1
21 . 3
10. 5
7 . 8
20. 2
15 . 3
12 . 6
12. 8
26
29
7000
24. 4
21 . 6
10. 7
8 . 0
20. 4
15 . 4
12 . 9
13. 2
26
29
79
(U//FOUO)
(U//FOUO)
(U//FOUO)
UNCLASSIFIED//FOR OFFICIAL USE ONLY


==================================================
FIM DO TEXTO EXTRAÍDO
