=== TEXTO EXTRAÍDO DA PÁGINA 276 ===
PDF: BR-B-UUQ_Firing_Table_Part_1
==================================================

CHARGE
TABLE F
F T 155 AR 1
7W
PART 1
BAS I C DATA
PROJ , HE , M79 5
FUZE , PD , M739 A1
1
2
3
4
5
6
7
8
9
R
E
FS FOR
DFS
DR
F
T IME
AZ IMUTH
A
L
GRAZE
PER
PER
O
OF
CORRECT IONS
N
E
BURST
10 M
1 M I L
R
FL I GHT
G
V
DEC
D ELEV
K
DR I F T
CW
E
FUZE
HOB
( CORR
OF
M582
TO L )
1 KNOT
M
M I L
M
M I L
SEC
M I L
M I L
10500
362. 7
31. 1
0. 07
17
5
31. 1
10. 5
0. 53
10600
368. 6
31. 5
0. 07
17
5
31. 5
10. 7
0. 53
10700
374. 7
31.9
0. 07
16
5
31.9
10.9
0. 53
10800
380. 8
32. 4
0. 07
16
5
32. 4
11. 1
0. 54
10900
386.9
32. 8
0. 06
16
5
32. 8
11. 3
0. 54
11000
393. 2
33. 2
0. 06
16
5
33. 2
11. 5
0. 55
11100
399 . 5
33. 7
0. 06
16
5
33. 7
11. 7
0. 55
11200
405.9
34. 1
0. 06
15
6
34. 1
11.9
0. 55
11300
412. 5
34. 6
0. 06
15
6
34. 6
12. 2
0. 56
11400
419 . 0
35. 0
0. 06
15
6
35. 0
12. 4
0. 56
11500
425. 7
35. 5
0. 06
15
6
35. 5
12. 6
0. 57
11600
432. 5
36. 0
0. 06
15
6
36. 0
12.9
0. 57
11700
439 . 4
36. 5
0. 06
14
6
36. 5
13. 1
0. 58
11800
446. 4
36.9
0. 06
14
6
36.9
13. 3
0. 58
11900
453. 5
37. 4
0. 06
14
6
37. 4
13. 6
0. 58
12000
460. 8
37.9
0. 06
14
7
37.9
13.9
0. 59
12100
468. 1
38. 4
0. 06
13
7
38. 4
14. 1
0. 59
12200
475. 6
38.9
0. 06
13
7
38.9
14. 4
0. 60
12300
483. 3
39 . 5
0. 05
13
7
39 . 5
14. 7
0. 60
12400
491. 1
40. 0
0. 05
13
7
40. 0
15. 0
0. 61
12500
499 . 1
40. 5
0. 05
12
8
40. 5
15. 3
0. 61
12600
507. 2
41. 1
0. 05
12
8
41. 1
15. 6
0. 61
12700
515. 6
41. 6
0. 05
12
8
41. 6
15.9
0. 62
12800
524. 2
42. 2
0. 05
12
8
42. 2
16. 2
0. 62
12900
533. 0
42. 8
0. 05
11
9
42. 8
16. 6
0. 63
13000
542. 0
43. 4
0. 05
11
9
43. 4
16.9
0. 63
13100
551. 3
44. 0
0. 05
11
9
44. 0
17. 3
0. 64
13200
561. 0
44. 7
0. 05
10
10
44. 7
17. 7
0. 64
13300
571. 0
45. 3
0. 05
10
10
45. 3
18. 1
0. 65
13400
581. 3
46. 0
0. 05
9
11
46. 0
18. 6
0. 66
13500
592. 1
46. 7
0. 05
9
11
46. 7
19 . 1
0. 66
13600
603. 5
47. 4
0. 05
9
12
47. 4
19 . 6
0. 67
13700
615. 4
48. 2
0. 05
8
13
48. 2
20. 1
0. 67
13800
628. 0
49 . 0
0. 04
8
14
49 . 0
20. 7
0. 68
13900
641. 6
49 .9
0. 04
7
15
49 .9
21. 4
0. 69
14000
656. 2
50. 8
0. 04
6
17
50. 8
22. 1
0. 70
238
(U//FOUO)
(U//FOUO)
(U//FOUO)
UNCLASSIFIED//FOR OFFICIAL USE ONLY


==================================================
FIM DO TEXTO EXTRAÍDO
