=== TEXTO EXTRAÍDO DA PÁGINA 271 ===
PDF: BR-B-UUQ_Firing_Table_Part_1
==================================================

F T 155 AR 1
TABLE F
CHARGE
PART 1
7W
PROJ , HE , M79 5
CORRECT ION FACTORS
FUZE , PD , M739 A1
1
10
11
12
13
14
15
16
17
18
19
R
RANGE CORRECT IONS FOR
A
N
MUZZLE
RANGE
A IR
A IR
PROJ WT
G
VELOC I TY
WI ND
TEMP
DENS I TY
OF 1 SQ
E
1 M / S
1 KNOT
1 PCT
1 PCT
( 4 SQ STD)
DEC
I NC
HEAD
TA I L
DEC
I NC
DEC
I NC
DEC
I NC
M
M
M
M
M
M
M
M
M
M
M
0
0. 0
0. 0
0. 0
0. 0
0. 0
0. 0
0. 0
0. 0
0
0
100
0. 4
0 . 4
0. 0
0. 0
0. 0
0. 0
0. 0
0. 0
1
1
200
0. 8
0 . 7
0. 0
0. 0
0. 0
0. 0
0. 0
0. 0
2
2
300
1. 1
1 . 1
0. 0
0. 0
0. 0
0. 0
0. 0
0. 0
3
3
400
1. 5
1 . 4
0. 0
0. 0
0. 0
0. 0
0 . 1
0. 1
3
4
500
1.9
1 . 8
0. 0
0. 0
0. 0
0. 0
0 . 1
0. 1
4
4
600
2. 2
2 . 1
0. 0
0. 0
0. 0
0. 0
0 . 2
0. 2
5
5
700
2. 6
2 . 4
0. 0
0. 0
0 . 1
0. 1
0 . 3
0. 3
6
6
800
2.9
2 . 8
0. 0
0. 0
0 . 1
0. 1
0 . 3
0. 3
6
7
900
3. 3
3 . 1
0. 1
0 . 1
0 . 1
0. 1
0 . 5
0. 4
7
7
1000
3. 6
3 . 4
0. 1
0 . 1
0 . 1
0. 1
0 . 6
0. 6
8
8
1100
4. 0
3 . 8
0. 1
0 . 1
0 . 2
0. 1
0 . 7
0. 7
9
9
1200
4. 3
4 . 1
0. 1
0 . 1
0 . 2
0. 2
0 . 8
0. 8
9
9
1300
4. 7
4 . 4
0. 1
0 . 1
0 . 2
0. 2
0 . 9
1. 0
10
10
1400
5. 0
4 . 7
0. 1
0 . 1
0 . 3
0. 2
1 . 1
1. 1
10
11
1500
5. 3
5 . 1
0. 2
0 . 1
0 . 3
0. 3
1 . 2
1. 3
11
11
1600
5. 6
5 . 4
0. 2
0 . 2
0 . 3
0. 3
1 . 4
1. 4
12
12
1700
6. 0
5 . 7
0. 2
0 . 2
0 . 4
0. 3
1 . 6
1. 6
12
13
1800
6. 3
6 . 0
0. 2
0 . 2
0 . 4
0. 4
1 . 8
1. 8
13
13
1900
6. 6
6 . 3
0. 3
0 . 2
0 . 5
0. 4
2 . 0
2. 0
13
14
2000
6.9
6 . 6
0. 3
0 . 3
0 . 5
0. 5
2 . 2
2. 2
14
14
2100
7. 2
6 . 9
0. 3
0 . 3
0 . 6
0. 5
2 . 4
2. 5
14
15
2200
7. 5
7 . 2
0. 3
0 . 3
0 . 6
0. 6
2 . 7
2. 7
15
15
2300
7. 8
7 . 5
0. 4
0 . 4
0 . 7
0. 6
2 . 9
3. 0
15
16
2400
8. 1
7 . 8
0. 4
0 . 4
0 . 8
0. 7
3 . 1
3. 2
16
16
2500
8. 4
8 . 1
0. 5
0 . 4
0 . 8
0. 7
3 . 4
3. 5
16
16
2600
8. 7
8 . 3
0. 5
0 . 5
0 . 9
0. 8
3 . 7
3. 8
16
17
2700
9 . 0
8 . 6
0. 5
0 . 5
0 . 9
0.9
4 . 0
4. 1
17
17
2800
9 . 3
8 . 9
0. 6
0 . 5
1 . 0
0.9
4 . 3
4. 4
17
18
2900
9 . 6
9 . 2
0. 6
0 . 6
1 . 1
1. 0
4 . 6
4. 7
17
18
3000
9 .9
9 . 5
0. 7
0 . 6
1 . 2
1. 0
4 . 9
5. 0
18
18
3100
10. 2
9 . 7
0. 7
0 . 7
1 . 2
1. 1
5 . 2
5. 3
18
19
3200
10. 4
10 . 0
0. 8
0 . 7
1 . 3
1. 2
5 . 5
5. 7
18
19
3300
10. 7
10 . 3
0. 8
0 . 8
1 . 4
1. 3
5 . 9
6. 0
19
19
3400
11. 0
10 . 5
0.9
0 . 8
1 . 5
1. 3
6 . 2
6. 4
19
20
3500
11. 2
10 . 8
0.9
0 . 9
1 . 5
1. 4
6 . 6
6. 8
19
20
233
(U//FOUO)
(U//FOUO)
(U//FOUO)
UNCLASSIFIED//FOR OFFICIAL USE ONLY


==================================================
FIM DO TEXTO EXTRAÍDO
