=== TEXTO EXTRAÍDO DA PÁGINA 227 ===
PDF: BR-B-UUQ_Firing_Table_Part_1
==================================================

F T 155 AR 1
TABLE F
CHARGE
PART 1
6W
PROJ , HE , M79 5
CORRECT ION FACTORS
FUZE , PD , M739 A1
1
10
11
12
13
14
15
16
17
18
19
R
RANGE CORRECT IONS FOR
A
N
MUZZLE
RANGE
A IR
A IR
PROJ WT
G
VELOC I TY
WI ND
TEMP
DENS I TY
OF 1 SQ
E
1 M / S
1 KNOT
1 PCT
1 PCT
( 4 SQ STD)
DEC
I NC
HEAD
TA I L
DEC
I NC
DEC
I NC
DEC
I NC
M
M
M
M
M
M
M
M
M
M
M
3500
12.9
12 . 4
1. 4
1 . 4
0 . 9
0 . 2
6 . 8
6. 8
18
19
3600
13. 1
12 . 7
1. 5
1 . 5
0 . 8
0 . 3
7 . 1
7. 1
18
19
3700
13. 4
12 . 9
1. 6
1 . 6
0 . 7
0 . 5
7 . 5
7. 4
18
19
3800
13. 6
13 . 2
1. 7
1 . 7
0 . 7
0 . 6
7 . 8
7. 7
18
19
3900
13.9
13 . 4
1.9
1 . 8
0 . 6
0 . 8
8 . 1
8. 1
18
19
4000
14. 1
13 . 7
2. 0
2 . 0
0 . 5
1 . 0
8 . 5
8. 4
19
19
4100
14. 3
13 . 9
2. 1
2 . 1
0 . 3
1 . 2
8 . 8
8. 7
19
20
4200
14. 5
14 . 1
2. 2
2 . 2
0 . 2
1 . 4
9 . 1
9 . 0
19
20
4300
14. 8
14 . 4
2. 4
2 . 3
0. 0
1 . 6
9 . 5
9 . 3
19
20
4400
15. 0
14 . 6
2. 5
2 . 4
0. 1
1 . 8
9 . 8
9 . 6
19
20
4500
15. 2
14 . 8
2. 7
2 . 6
0. 3
2 . 1
10 . 1
9 .9
19
20
4600
15. 4
15 . 0
2. 8
2 . 7
0. 5
2 . 3
10 . 5
10. 2
19
20
4700
15. 6
15 . 2
3. 0
2 . 8
0. 7
2 . 6
10 . 8
10. 6
19
20
4800
15. 8
15 . 4
3. 1
3 . 0
0.9
2 . 8
11 . 1
10.9
19
20
4900
15.9
15 . 6
3. 3
3 . 1
1. 2
3 . 1
11 . 5
11. 2
19
20
5000
16. 1
15 . 8
3. 4
3 . 3
1. 4
3 . 4
11 . 8
11. 5
19
20
5100
16. 3
16 . 0
3. 6
3 . 4
1. 7
3 . 7
12 . 1
11. 8
19
20
5200
16. 5
16 . 1
3. 8
3 . 6
1.9
4 . 0
12 . 4
12. 1
19
20
5300
16. 7
16 . 3
4. 0
3 . 7
2. 2
4 . 3
12 . 8
12. 4
19
20
5400
16. 8
16 . 5
4. 1
3 . 9
2. 5
4 . 6
13 . 1
12. 7
19
20
5500
17. 0
16 . 7
4. 3
4 . 0
2. 8
4 . 9
13 . 4
13. 0
19
20
5600
17. 2
16 . 8
4. 5
4 . 2
3. 1
5 . 2
13 . 7
13. 3
19
20
5700
17. 3
17 . 0
4. 7
4 . 4
3. 4
5 . 6
14 . 1
13. 6
19
20
5800
17. 5
17 . 2
4.9
4 . 5
3. 8
5 . 9
14 . 4
13.9
19
20
5900
17. 6
17 . 3
5. 1
4 . 7
4. 1
6 . 2
14 . 7
14. 2
19
20
6000
17. 8
17 . 5
5. 3
4 . 8
4. 5
6 . 6
15 . 0
14. 5
19
20
6100
17.9
17 . 6
5. 5
5 . 0
4. 8
6 . 9
15 . 4
14. 8
19
20
6200
18. 1
17 . 8
5. 7
5 . 2
5. 2
7 . 3
15 . 7
15. 2
19
20
6300
18. 2
17 . 9
5.9
5 . 4
5. 6
7 . 7
16 . 0
15. 5
19
20
6400
18. 4
18 . 1
6. 1
5 . 5
6. 0
8 . 0
16 . 3
15. 8
19
20
6500
18. 5
18 . 2
6. 3
5 . 7
6. 4
8 . 4
16 . 7
16. 1
19
20
6600
18. 6
18 . 4
6. 5
5 . 9
6. 8
8 . 7
17 . 0
16. 4
19
20
6700
18. 8
18 . 5
6. 7
6 . 1
7. 2
9 . 1
17 . 3
16. 7
19
20
6800
18.9
18 . 6
6.9
6 . 2
7. 6
9 . 5
17 . 6
17. 0
19
20
6900
19 . 1
18 . 8
7. 2
6 . 4
8. 0
9 . 8
17 . 9
17. 4
19
20
7000
19 . 2
18 . 9
7. 4
6 . 6
8. 4
10 . 2
18 . 3
17. 7
19
20
189
(U//FOUO)
(U//FOUO)
(U//FOUO)
UNCLASSIFIED//FOR OFFICIAL USE ONLY


==================================================
FIM DO TEXTO EXTRAÍDO
