=== TEXTO EXTRAÍDO DA PÁGINA 275 ===
PDF: BR-B-UUQ_Firing_Table_Part_1
==================================================

F T 155 AR 1
TABLE F
CHARGE
PART 1
7W
PROJ , HE , M79 5
CORRECT ION FACTORS
FUZE , PD , M739 A1
1
10
11
12
13
14
15
16
17
18
19
R
RANGE CORRECT IONS FOR
A
N
MUZZLE
RANGE
A IR
A IR
PROJ WT
G
VELOC I TY
WI ND
TEMP
DENS I TY
OF 1 SQ
E
1 M / S
1 KNOT
1 PCT
1 PCT
( 4 SQ STD)
DEC
I NC
HEAD
TA I L
DEC
I NC
DEC
I NC
DEC
I NC
M
M
M
M
M
M
M
M
M
M
M
7000
18. 6
18 . 1
4. 5
4 . 0
2 . 8
0. 6
22 . 7
22. 4
19
21
7100
18. 7
18 . 2
4. 7
4 . 2
2 . 7
0. 5
23 . 1
22. 8
19
21
7200
18.9
18 . 4
4.9
4 . 3
2 . 6
0. 3
23 . 6
23. 2
19
21
7300
19 . 0
18 . 5
5. 0
4 . 5
2 . 4
0. 0
24 . 1
23. 7
19
21
7400
19 . 1
18 . 7
5. 2
4 . 6
2 . 3
0 . 2
24 . 5
24. 1
19
21
7500
19 . 3
18 . 8
5. 4
4 . 7
2 . 1
0 . 4
25 . 0
24. 5
19
20
7600
19 . 4
19 . 0
5. 6
4 . 9
1 . 9
0 . 6
25 . 4
24.9
19
20
7700
19 . 6
19 . 1
5. 7
5 . 0
1 . 7
0 . 9
25 . 9
25. 3
18
20
7800
19 . 7
19 . 2
5.9
5 . 2
1 . 5
1 . 1
26 . 3
25. 7
18
20
7900
19 . 8
19 . 4
6. 1
5 . 3
1 . 3
1 . 4
26 . 8
26. 1
18
20
8000
20. 0
19 . 5
6. 3
5 . 5
1 . 0
1 . 7
27 . 2
26. 5
18
20
8100
20. 1
19 . 6
6. 5
5 . 7
0 . 8
1 . 9
27 . 7
26.9
18
20
8200
20. 2
19 . 8
6. 7
5 . 8
0 . 5
2 . 2
28 . 1
27. 3
18
20
8300
20. 3
19 . 9
6.9
6 . 0
0 . 3
2 . 5
28 . 6
27. 7
18
20
8400
20. 5
20 . 0
7. 1
6 . 1
0. 0
2 . 8
29 . 0
28. 1
17
19
8500
20. 6
20 . 1
7. 3
6 . 3
0. 3
3 . 1
29 . 4
28. 5
17
19
8600
20. 7
20 . 3
7. 5
6 . 5
0. 6
3 . 4
29 . 9
28.9
17
19
8700
20. 8
20 . 4
7. 7
6 . 6
0.9
3 . 7
30 . 3
29 . 2
17
19
8800
20.9
20 . 5
7.9
6 . 8
1. 2
4 . 0
30 . 7
29 . 6
17
19
8900
21. 1
20 . 6
8. 1
7 . 0
1. 5
4 . 4
31 . 1
30. 0
17
19
9000
21. 2
20 . 7
8. 3
7 . 1
1.9
4 . 7
31 . 5
30. 4
17
19
9100
21. 3
20 . 9
8. 5
7 . 3
2. 2
5 . 0
32 . 0
30. 8
16
19
9200
21. 4
21 . 0
8. 7
7 . 5
2. 6
5 . 3
32 . 4
31. 2
16
18
9300
21. 5
21 . 1
9 . 0
7 . 7
2.9
5 . 7
32 . 8
31. 6
16
18
9400
21. 6
21 . 2
9 . 2
7 . 8
3. 3
6 . 0
33 . 2
31.9
16
18
9500
21. 7
21 . 3
9 . 4
8 . 0
3. 7
6 . 4
33 . 6
32. 3
16
18
9600
21. 8
21 . 4
9 . 6
8 . 2
4. 0
6 . 7
34 . 0
32. 7
16
18
9700
22. 0
21 . 5
9 .9
8 . 4
4. 4
7 . 0
34 . 4
33. 1
15
18
9800
22. 1
21 . 6
10. 1
8 . 6
4. 8
7 . 4
34 . 8
33. 5
15
18
9900
22. 2
21 . 8
10. 3
8 . 7
5. 2
7 . 7
35 . 2
33.9
15
17
10000
22. 3
21 . 9
10. 6
8 . 9
5. 6
8 . 1
35 . 6
34. 3
15
17
10100
22. 4
22 . 0
10. 8
9 . 1
6. 0
8 . 4
36 . 0
34. 7
15
17
10200
22. 5
22 . 1
11. 1
9 . 3
6. 4
8 . 8
36 . 4
35. 1
15
17
10300
22. 6
22 . 2
11. 3
9 . 5
6. 8
9 . 2
36 . 8
35. 5
14
17
10400
22. 7
22 . 3
11. 5
9 . 7
7. 3
9 . 5
37 . 2
35.9
14
17
10500
22. 8
22 . 4
11. 8
9 . 9
7. 7
9 . 9
37 . 6
36. 4
14
16
237
(U//FOUO)
(U//FOUO)
(U//FOUO)
UNCLASSIFIED//FOR OFFICIAL USE ONLY


==================================================
FIM DO TEXTO EXTRAÍDO
