=== TEXTO EXTRAÍDO DA PÁGINA 308 ===
PDF: BR-B-UUQ_Firing_Table_Part_1
==================================================

2
3
4
4
5
CHARGE
TABLE B
F T 155 AR 1
7R
PART 1
COMPLEMENTARY RANGE
PROJ , HE , M79 5
L I NE NUMBER
FUZE , PD , M739 A1
CHANGE
I N RANGE ,
I N METERS
TO CORRECT FOR COMPLEMENTARY ANGLE OF S I TE
L I NE NUMBERS OF METEOROLOG I CAL MESSAGE
L I NE
RANGE
HE I GHT OF TARGET ABOVE GUN
METERS
NO.
METERS
400
300
200
100
0
100
200
300
10500
18
14
11
6
0
4
10
17
10600
18
15
11
6
0
4
10
17
10700
19
15
11
7
0
4
10
17
10800
19
16
11
7
0
4
11
18
10900
20
16
12
7
0
5
11
18
11000
20
16
12
7
0
5
11
19
11100
21
17
12
7
0
5
12
19
11200
21
17
12
7
0
5
12
19
11300
22
18
13
7
0
5
12
20
11400
23
18
13
7
0
5
13
20
11500
23
18
13
8
0
5
13
21
11600
24
19
14
8
0
6
13
21
11700
24
19
14
8
0
6
14
22
11800
25
20
14
8
0
6
14
22
11900
26
20
15
8
0
6
14
23
12000
26
21
15
8
0
6
15
23
12100
27
22
15
9
0
7
15
24
12200
28
22
16
9
0
7
15
25
12300
29
23
16
9
0
7
16
25
12400
30
23
17
9
0
7
16
26
12500
30
24
17
9
0
7
17
26
12600
31
25
17
10
0
8
17
27
12700
32
25
18
10
0
8
18
28
12800
33
26
18
10
0
8
18
29
12900
34
27
19
10
0
8
19
29
13000
35
27
19
10
0
9
19
30
13100
36
28
20
11
0
9
20
31
13200
37
29
20
11
0
9
20
32
13300
38
29
21
11
0
9
21
32
13400
39
30
21
11
0
10
21
33
13500
40
31
22
12
0
10
22
34
13600
41
32
22
12
0
10
22
35
13700
42
33
23
12
0
11
23
36
13800
43
33
23
12
0
11
24
37
13900
44
34
24
13
0
11
24
38
14000
45
35
24
13
0
12
25
39
270
(U//FOUO)
(U//FOUO)
(U//FOUO)
UNCLASSIFIED//FOR OFFICIAL USE ONLY


==================================================
FIM DO TEXTO EXTRAÍDO
