=== TEXTO EXTRAÍDO DA PÁGINA 85 ===
PDF: BR-B-UUQ_Firing_Table_Part_1
==================================================

F T 155 AR 1
TABLE F
CHARGE
PART 1
4G
PROJ , HE , M79 5
CORRECT ION FACTORS
FUZE , PD , M739 A1
1
10
11
12
13
14
15
16
17
18
19
R
RANGE CORRECT IONS FOR
A
N
MUZZLE
RANGE
A IR
A IR
PROJ WT
G
VELOC I TY
WI ND
TEMP
DENS I TY
OF 1 SQ
E
1 M / S
1 KNOT
1 PCT
1 PCT
( 4 SQ STD)
DEC
I NC
HEAD
TA I L
DEC
I NC
DEC
I NC
DEC
I NC
M
M
M
M
M
M
M
M
M
M
M
3500
23. 1
20 . 7
1.9
1 . 2
1. 4
0 . 5
3 . 1
3. 1
29
30
3600
23. 7
21 . 2
2. 0
1 . 2
1. 4
0 . 5
3 . 2
3. 3
30
31
3700
24. 3
21 . 8
2. 1
1 . 3
1. 4
0 . 5
3 . 4
3. 5
30
31
3800
24.9
22 . 3
2. 2
1 . 4
1. 5
0 . 5
3 . 6
3. 7
31
32
3900
25. 5
22 . 8
2. 2
1 . 4
1. 5
0 . 5
3 . 8
3.9
32
33
4000
26. 1
23 . 4
2. 3
1 . 5
1. 5
0 . 5
4 . 0
4. 0
32
33
4100
26. 7
23 . 9
2. 4
1 . 6
1. 5
0 . 4
4 . 2
4. 2
33
34
4200
27. 3
24 . 5
2. 5
1 . 6
1. 5
0 . 4
4 . 4
4. 5
34
35
4300
27.9
25 . 0
2. 6
1 . 7
1. 5
0 . 4
4 . 6
4. 7
34
35
4400
28. 4
25 . 6
2. 7
1 . 8
1. 5
0 . 4
4 . 8
4.9
35
36
4500
29 . 0
26 . 1
2. 8
1 . 8
1. 5
0 . 4
5 . 0
5. 1
35
37
4600
29 . 6
26 . 6
2. 8
1 . 9
1. 5
0 . 4
5 . 2
5. 3
36
37
4700
30. 2
27 . 2
2.9
2 . 0
1. 5
0 . 4
5 . 4
5. 5
37
38
4800
30. 8
27 . 7
3. 0
2 . 1
1. 5
0 . 4
5 . 7
5. 8
37
39
4900
31. 3
28 . 2
3. 1
2 . 1
1. 5
0 . 4
5 . 9
6. 0
38
39
5000
31.9
28 . 8
3. 2
2 . 2
1. 5
0 . 4
6 . 1
6. 3
38
40
5100
32. 5
29 . 3
3. 3
2 . 3
1. 5
0 . 4
6 . 4
6. 5
39
40
5200
33. 1
29 . 8
3. 4
2 . 4
1. 4
0 . 4
6 . 6
6. 7
39
41
5300
33. 6
30 . 3
3. 5
2 . 5
1. 4
0 . 4
6 . 9
7. 0
40
41
5400
34. 2
30 . 8
3. 6
2 . 6
1. 4
0 . 3
7 . 1
7. 3
40
42
5500
34. 7
31 . 4
3. 7
2 . 6
1. 4
0 . 3
7 . 4
7. 5
41
42
5600
35. 3
31 . 9
3. 8
2 . 7
1. 4
0 . 3
7 . 6
7. 8
41
43
5700
35.9
32 . 4
4. 0
2 . 8
1. 4
0 . 3
7 . 9
8. 1
42
44
5800
36. 4
32 . 9
4. 1
2 . 9
1. 4
0 . 3
8 . 2
8. 4
42
44
5900
37. 0
33 . 4
4. 2
3 . 0
1. 3
0 . 3
8 . 5
8. 7
43
45
6000
37. 5
33 . 9
4. 3
3 . 1
1. 3
0 . 3
8 . 8
9 . 0
43
45
6100
38. 0
34 . 5
4. 5
3 . 2
1. 3
0 . 3
9 . 0
9 . 3
44
45
6200
38. 6
35 . 0
4. 6
3 . 3
1. 3
0 . 3
9 . 3
9 . 6
44
46
6300
39 . 1
35 . 5
4. 8
3 . 5
1. 3
0 . 3
9 . 7
9 .9
45
46
6400
39 . 6
36 . 0
4.9
3 . 6
1. 2
0 . 3
10 . 0
10. 3
45
47
6500
36 . 5
5. 1
3 . 7
1. 2
0 . 2
10 . 3
10. 6
46
47
6600
37 . 0
3 . 8
1. 2
0 . 2
10 . 6
11. 0
46
48
6700
37 . 5
4 . 0
1. 1
0 . 2
11 . 0
11. 6
46
48
6800
38 . 0
4 . 1
1. 1
0 . 2
11 . 4
47
**********************************************************************
6800
37 . 6
5 . 0
1. 0
0 . 1
12 . 5
45
6700
37 . 1
5 . 0
0.9
0 . 1
12 . 3
12. 0
44
47
6600
36 . 6
5 . 0
0.9
0 . 1
12 . 2
12. 0
44
46
6500
36 . 0
5. 7
4 . 9
0. 8
0 . 1
12 . 0
11.9
43
45
47
(U//FOUO)
(U//FOUO)
(U//FOUO)
UNCLASSIFIED//FOR OFFICIAL USE ONLY


==================================================
FIM DO TEXTO EXTRAÍDO
