=== TEXTO EXTRAÍDO DA PÁGINA 151 ===
PDF: BR-B-UUQ_Firing_Table_Part_1
==================================================

F T 155 AR 1
TABLE F
CHARGE
PART 1
4W
PROJ , HE , M79 5
CORRECT ION FACTORS
FUZE , PD , M739 A1
1
10
11
12
13
14
15
16
17
18
19
R
RANGE CORRECT IONS FOR
A
N
MUZZLE
RANGE
A IR
A IR
PROJ WT
G
VELOC I TY
WI ND
TEMP
DENS I TY
OF 1 SQ
E
1 M / S
1 KNOT
1 PCT
1 PCT
( 4 SQ STD)
DEC
I NC
HEAD
TA I L
DEC
I NC
DEC
I NC
DEC
I NC
M
M
M
M
M
M
M
M
M
M
M
3500
17. 2
15 . 0
3. 7
2 . 1
7. 5
4 . 5
3 . 3
3. 3
19
20
3600
17. 7
15 . 4
3. 8
2 . 2
7. 8
4 . 7
3 . 5
3. 5
19
20
3700
18. 1
15 . 8
4. 0
2 . 3
8. 0
4 . 8
3 . 7
3. 7
20
21
3800
18. 5
16 . 1
4. 1
2 . 4
8. 3
4 . 9
3 . 9
3.9
20
21
3900
19 . 0
16 . 5
4. 3
2 . 5
8. 5
5 . 1
4 . 0
4. 1
20
21
4000
19 . 4
16 . 9
4. 4
2 . 6
8. 8
5 . 2
4 . 2
4. 3
21
22
4100
19 .9
17 . 2
4. 6
2 . 7
9 . 0
5 . 3
4 . 4
4. 5
21
22
4200
20. 3
17 . 6
4. 7
2 . 8
9 . 3
5 . 4
4 . 6
4. 7
21
23
4300
20. 7
17 . 9
4.9
2 . 8
9 . 5
5 . 5
4 . 8
4.9
22
23
4400
21. 2
18 . 3
5. 0
2 . 9
9 . 7
5 . 6
5 . 0
5. 1
22
23
4500
21. 6
18 . 7
5. 2
3 . 0
9 .9
5 . 7
5 . 2
5. 3
22
24
4600
22. 0
19 . 0
5. 4
3 . 1
10. 1
5 . 9
5 . 5
5. 5
23
24
4700
22. 5
19 . 4
5. 5
3 . 2
10. 3
6 . 0
5 . 7
5. 7
23
24
4800
22.9
19 . 8
5. 7
3 . 3
10. 5
6 . 1
5 . 9
5.9
23
25
4900
23. 4
20 . 1
5. 8
3 . 4
10. 7
6 . 1
6 . 1
6. 2
24
25
5000
23. 8
20 . 5
6. 0
3 . 5
10.9
6 . 2
6 . 4
6. 4
24
25
5100
24. 2
20 . 9
6. 1
3 . 6
11. 1
6 . 3
6 . 6
6. 7
24
26
5200
24. 7
21 . 2
6. 3
3 . 7
11. 3
6 . 4
6 . 8
6.9
25
26
5300
25. 1
21 . 6
6. 4
3 . 8
11. 5
6 . 5
7 . 1
7. 2
25
27
5400
25. 6
22 . 0
6. 5
3 . 9
11. 6
6 . 5
7 . 3
7. 4
25
27
5500
26. 0
22 . 3
6. 7
4 . 0
11. 8
6 . 6
7 . 6
7. 7
25
27
5600
26. 5
22 . 7
6. 8
4 . 0
11.9
6 . 6
7 . 8
8. 0
26
28
5700
26.9
23 . 1
7. 0
4 . 1
12. 1
6 . 7
8 . 1
8. 3
26
28
5800
27. 4
23 . 4
7. 1
4 . 2
12. 2
6 . 7
8 . 4
8. 6
26
28
5900
27. 8
23 . 8
7. 3
4 . 3
12. 3
6 . 8
8 . 6
8. 8
26
29
6000
28. 3
24 . 2
7. 4
4 . 4
12. 4
6 . 8
8 . 9
9 . 1
27
29
6100
28. 8
24 . 5
7. 5
4 . 5
12. 5
6 . 8
9 . 2
9 . 4
27
29
6200
29 . 2
24 . 9
7. 7
4 . 6
12. 6
6 . 9
9 . 5
9 . 7
27
30
6300
29 . 7
25 . 3
7. 8
4 . 7
12. 7
6 . 9
9 . 8
10. 0
28
30
6400
30. 1
25 . 7
7.9
4 . 8
12. 8
6 . 9
10 . 1
10. 3
28
30
6500
30. 6
26 . 1
8. 1
4 . 9
12. 8
6 . 9
10 . 4
10. 7
28
30
6600
31. 0
26 . 5
8. 2
5 . 0
12.9
7 . 0
10 . 7
11. 0
29
31
6700
31. 5
26 . 9
8. 3
5 . 1
12.9
7 . 0
11 . 1
11. 3
29
31
6800
32. 0
27 . 3
8. 5
5 . 2
12.9
7 . 0
11 . 4
11. 6
29
31
6900
32. 4
27 . 7
8. 6
5 . 3
13. 0
7 . 0
11 . 7
12. 0
29
32
7000
32.9
28 . 1
8. 7
5 . 4
13. 0
7 . 0
12 . 0
12. 3
30
32
113
(U//FOUO)
(U//FOUO)
(U//FOUO)
UNCLASSIFIED//FOR OFFICIAL USE ONLY


==================================================
FIM DO TEXTO EXTRAÍDO
