=== TEXTO EXTRAÍDO DA PÁGINA 116 ===
PDF: BR-B-UUQ_Firing_Table_Part_1
==================================================

CHARGE
TABLE F
F T 155 AR 1
5G
PART 1
BAS I C DATA
PROJ , HE , M79 5
FUZE , PD , M739 A1
1
2
3
4
5
6
7
8
9
R
E
FS FOR
DFS
DR
F
T IME
AZ IMUTH
A
L
GRAZE
PER
PER
O
OF
CORRECT IONS
N
E
BURST
10 M
1 M I L
R
FL I GHT
G
V
DEC
D ELEV
K
DR I F T
CW
E
FUZE
HOB
( CORR
OF
M582
TO L )
1 KNOT
M
M I L
M
M I L
SEC
M I L
M I L
3500
173. 2
11. 4
0. 18
17
2
11. 4
3. 4
0. 17
3600
179 . 0
11. 7
0. 18
17
2
11. 7
3. 5
0. 18
3700
184. 8
12. 1
0. 17
17
2
12. 1
3. 6
0. 18
3800
190. 7
12. 5
0. 17
17
2
12. 5
3. 7
0. 18
3900
196. 6
12. 8
0. 16
17
2
12. 8
3.9
0. 19
4000
202. 6
13. 2
0. 16
17
2
13. 2
4. 0
0. 19
4100
208. 6
13. 6
0. 15
16
2
13. 6
4. 1
0. 20
4200
214. 7
14. 0
0. 15
16
2
14. 0
4. 3
0. 20
4300
220.9
14. 3
0. 15
16
2
14. 3
4. 4
0. 20
4400
227. 1
14. 7
0. 14
16
2
14. 7
4. 5
0. 21
4500
233. 4
15. 1
0. 14
16
2
15. 1
4. 7
0. 21
4600
239 . 7
15. 5
0. 14
16
2
15. 5
4. 8
0. 21
4700
246. 1
15.9
0. 13
16
3
15.9
5. 0
0. 22
4800
252. 6
16. 3
0. 13
15
3
16. 3
5. 1
0. 22
4900
259 . 2
16. 7
0. 13
15
3
16. 7
5. 3
0. 23
5000
265. 8
17. 1
0. 12
15
3
17. 1
5. 4
0. 23
5100
272. 5
17. 5
0. 12
15
3
17. 5
5. 6
0. 23
5200
279 . 3
17.9
0. 12
15
3
17.9
5. 7
0. 24
5300
286. 2
18. 3
0. 11
14
3
18. 3
5.9
0. 24
5400
293. 1
18. 7
0. 11
14
3
18. 7
6. 1
0. 25
5500
300. 2
19 . 2
0. 11
14
3
19 . 2
6. 2
0. 25
5600
307. 4
19 . 6
0. 11
14
3
19 . 6
6. 4
0. 25
5700
314. 6
20. 0
0. 11
14
3
20. 0
6. 6
0. 26
5800
322. 0
20. 5
0. 10
13
4
20. 5
6. 8
0. 26
5900
329 . 4
20.9
0. 10
13
4
20.9
7. 0
0. 27
6000
337. 0
21. 4
0. 10
13
4
21. 4
7. 1
0. 27
6100
344. 7
21. 8
0. 10
13
4
21. 8
7. 3
0. 27
6200
352. 5
22. 3
0. 10
13
4
22. 3
7. 5
0. 28
6300
360. 5
22. 7
0. 09
12
4
22. 7
7. 8
0. 28
6400
368. 6
23. 2
0. 09
12
4
23. 2
8. 0
0. 29
6500
376. 8
23. 7
0. 09
12
5
23. 7
8. 2
0. 29
6600
385. 2
24. 2
0. 09
12
5
24. 2
8. 4
0. 30
6700
393. 8
24. 7
0. 09
12
5
24. 7
8. 6
0. 30
6800
402. 6
25. 2
0. 08
11
5
25. 2
8.9
0. 31
6900
411. 5
25. 7
0. 08
11
5
25. 7
9 . 1
0. 31
7000
420. 7
26. 2
0. 08
11
6
26. 2
9 . 4
0. 31
78
(U//FOUO)
(U//FOUO)
(U//FOUO)
UNCLASSIFIED//FOR OFFICIAL USE ONLY


==================================================
FIM DO TEXTO EXTRAÍDO
