=== TEXTO EXTRAÍDO DA PÁGINA 54 ===
PDF: BR-B-UUQ_Firing_Table_Part_1
==================================================

CHARGE
TABLE F
F T 155 AR 1
3G
PART 1
BAS I C DATA
PROJ , HE , M79 5
FUZE , PD , M739 A1
1
2
3
4
5
6
7
8
9
R
E
FS FOR
DFS
DR
F
T IME
AZ IMUTH
A
L
GRAZE
PER
PER
O
OF
CORRECT IONS
N
E
BURST
10 M
1 M I L
R
FL I GHT
G
V
DEC
D ELEV
K
DR I F T
CW
E
FUZE
HOB
( CORR
OF
M582
TO L )
1 KNOT
M
M I L
M
M I L
SEC
M I L
M I L
3500
338. 6
16. 1
0. 13
8
9
16. 1
7. 1
0. 17
3600
351. 4
16. 7
0. 13
8
10
16. 7
7. 4
0. 18
3700
364. 4
17. 3
0. 12
8
10
17. 3
7. 7
0. 19
3800
377.9
17.9
0. 12
7
11
17.9
8. 1
0. 19
3900
391. 8
18. 5
0. 11
7
11
18. 5
8. 4
0. 20
4000
406. 1
19 . 1
0. 11
7
12
19 . 1
8. 8
0. 20
4100
421. 0
19 . 8
0. 11
7
13
19 . 8
9 . 2
0. 21
4200
436. 4
20. 4
0. 10
6
14
20. 4
9 . 6
0. 22
4300
452. 6
21. 1
0. 10
6
15
21. 1
10. 0
0. 22
4400
469 . 5
21. 8
0. 10
6
16
21. 8
10. 5
0. 23
4500
487. 3
22. 6
0. 09
5
17
22. 6
11. 0
0. 24
4600
506. 2
23. 4
0. 09
5
18
23. 4
11. 6
0. 25
4700
526. 5
24. 2
0. 09
5
20
24. 2
12. 2
0. 26
4800
548. 4
25. 1
0. 08
4
23
25. 1
12.9
0. 27
4900
572. 6
26. 0
0. 08
4
26
26. 0
13. 7
0. 28
5000
599 .9
27. 1
0. 08
3
30
27. 1
14. 6
0. 29
5100
632. 0
28. 3
0. 08
3
38
28. 3
15. 8
0. 30
5200
673. 1
29 .9
0. 07
2
61
29 .9
17. 4
0. 32
5300
748. 1
32. 6
0. 07
32. 6
20. 7
**********************************************************************
5300
812.9
34. 7
0. 06
34. 7
24. 0
5200
887. 8
37. 1
0. 06
2
61
37. 1
28. 7
0. 46
5100
928. 8
38. 3
0. 06
3
38
38. 3
31. 7
0. 48
5000
960. 8
39 . 2
0. 06
3
30
39 . 2
34. 3
0. 51
4900
987.9
39 .9
0. 05
4
26
39 .9
36. 7
0. 53
4800
1011.9
40. 6
0. 05
4
22
40. 6
39 . 1
0. 56
4700
1033. 7
41. 1
0. 05
5
20
41. 1
41. 4
0. 58
4600
1053. 8
41. 6
0. 05
5
18
41. 6
43. 8
0. 60
4500
1072. 5
42. 1
0. 05
6
17
42. 1
46. 2
0. 63
4400
1090. 1
42. 5
0. 05
6
15
42. 5
48. 7
0. 65
4300
1106. 7
42.9
0. 05
6
14
42.9
51. 2
0. 68
4200
1122. 6
43. 2
0. 05
6
13
43. 2
53.9
0. 71
4100
1137. 7
43. 6
0. 05
7
12
43. 6
56. 7
0. 74
4000
1152. 2
43.9
0. 05
7
12
43.9
59 . 6
0. 78
16
(U//FOUO)
(U//FOUO)
(U//FOUO)
UNCLASSIFIED//FOR OFFICIAL USE ONLY


==================================================
FIM DO TEXTO EXTRAÍDO
