=== TEXTO EXTRAÍDO DA PÁGINA 87 ===
PDF: BR-B-UUQ_Firing_Table_Part_1
==================================================

F T 155 AR 1
TABLE F
CHARGE
PART 1
4G
PROJ , HE , M79 5
CORRECT ION FACTORS
FUZE , PD , M739 A1
1
10
11
12
13
14
15
16
17
18
19
R
RANGE CORRECT IONS FOR
A
N
MUZZLE
RANGE
A IR
A IR
PROJ WT
G
VELOC I TY
WI ND
TEMP
DENS I TY
OF 1 SQ
E
1 M / S
1 KNOT
1 PCT
1 PCT
( 4 SQ STD)
DEC
I NC
HEAD
TA I L
DEC
I NC
DEC
I NC
DEC
I NC
M
M
M
M
M
M
M
M
M
M
M
6500
36 . 0
5. 7
4 . 9
0. 8
0 . 1
12 . 0
11.9
43
45
6400
39 . 5
35 . 5
5. 7
4 . 8
0. 8
0 . 1
11 . 8
11. 8
42
44
6300
38. 8
35 . 0
5. 7
4 . 8
0. 8
0 . 1
11 . 7
11. 6
41
44
6200
38. 2
34 . 4
5. 7
4 . 7
0. 8
0 . 1
11 . 5
11. 5
41
43
6100
37. 6
33 . 9
5. 7
4 . 6
0. 7
0 . 1
11 . 3
11. 3
40
42
6000
37. 0
33 . 4
5. 7
4 . 5
0. 7
0. 0
11 . 1
11. 1
39
41
5900
36. 4
32 . 8
5. 7
4 . 4
0. 7
0. 0
10 . 9
10.9
39
41
5800
35. 8
32 . 3
5. 6
4 . 3
0. 7
0. 0
10 . 7
10. 7
38
40
5700
35. 2
31 . 8
5. 6
4 . 1
0. 7
0. 0
10 . 4
10. 5
37
39
5600
34. 6
31 . 2
5. 5
4 . 0
0. 6
0. 0
10 . 2
10. 3
36
39
5500
34. 0
30 . 7
5. 5
3 . 8
0. 6
0. 0
10 . 0
10. 1
36
38
5400
33. 4
30 . 2
5. 4
3 . 6
0. 6
0. 0
9 . 8
9 .9
35
37
5300
32. 8
29 . 6
5. 3
3 . 4
0. 6
0. 0
9 . 5
9 . 7
34
36
5200
32. 2
29 . 1
5. 2
3 . 1
0. 6
0. 0
9 . 3
9 . 5
34
36
5100
31. 6
28 . 6
5. 2
2 . 8
0. 6
0. 0
9 . 1
9 . 2
33
35
5000
31. 0
28 . 0
5. 1
2 . 5
0. 6
0. 0
8 . 8
9 . 0
32
34
4900
30. 5
27 . 5
5. 0
2 . 2
0. 5
0. 0
8 . 6
8. 8
31
33
4800
29 .9
27 . 0
4.9
0. 5
0. 0
8 . 3
8. 5
31
32
4700
29 . 3
26 . 5
4. 7
0. 5
0. 0
8 . 0
8. 3
30
32
4600
28. 7
26 . 0
4. 6
0. 5
0. 0
7 . 8
8. 0
29
31
4500
28. 1
25 . 4
4. 5
0. 5
0. 0
7 . 5
7. 8
28
30
4400
27. 5
24 . 9
4. 3
0. 5
0. 0
7 . 2
7. 5
27
29
4300
26.9
24 . 4
4. 2
0. 5
0. 0
6 . 9
7. 2
27
28
4200
26. 4
23 . 9
4. 0
0. 5
0. 0
6 . 5
6.9
26
28
4100
25. 8
23 . 4
3. 8
0. 5
0. 0
6 . 2
6. 6
25
27
4000
25. 2
23 . 0
3. 5
0. 5
0. 0
5 . 8
6. 3
24
26
3900
24. 7
22 . 5
3. 3
0. 4
0. 0
5 . 4
6. 0
23
25
3800
24. 1
22 . 0
3. 0
0. 4
0. 0
5. 6
22
24
3700
23. 6
2. 6
0. 4
0. 0
5. 2
21
23
3600
23. 1
2. 2
0. 4
0. 0
4. 8
20
21
49
(U//FOUO)
(U//FOUO)
(U//FOUO)
UNCLASSIFIED//FOR OFFICIAL USE ONLY


==================================================
FIM DO TEXTO EXTRAÍDO
