=== TEXTO EXTRAÍDO DA PÁGINA 156 ===
PDF: BR-B-UUQ_Firing_Table_Part_1
==================================================

CHARGE
TABLE G
F T 155 AR 1
4W
PART 1
SUPPLEMENTARY DATA
PROJ , HE , M79 5
FUZE , PD , M739 A1
1
2
3
4
5
6
7
8
9
10
11
12
13
R
E
PROBABLE ERRORS
ANGLE
COT
TML
MO
COMP S I TE
A
L
OF
ANGLE VEL
FOR
N
E
FUZE M582
FALL
OF
ANGLE OF S I TE
G
V
FALL
+1 M I L
1 M I L
E
R
D
HB
TB
RB
S I TE
S I TE
M
M I L
M
M
M
SEC
M
M I L
M / S
M
M I L
M I L
0
0. 0
4
0
0
320
0
0. 000
0. 00
500
24.9
5
0
25
40. 1
311
3
0. 000
0. 00
1000
50. 7
6
0
1 0. 04
12
53
19 . 4
304
13
0. 002
0 . 002
1500
77. 5
7
1
1 0. 04
12
81
12. 5
297
29
0. 005
0 . 004
2000
105. 3
9
1
1 0. 04
12
112
9 . 0
291
54
0. 009
0 . 008
2500
134. 2
11
1
2 0. 04
13
145
7. 0
286
86
0. 015
0 . 014
3000
164. 2
12
1
2 0. 04
13
179
5. 6
280
127
0. 023
0 . 021
3500
195. 7
14
2
3 0. 04
13
216
4. 7
276
179
0. 034
0 . 031
4000
228. 7
15
2
3 0. 04
14
254
3.9
271
241
0. 049
0 . 044
4500
263. 6
17
2
4 0. 04
14
296
3. 3
267
317
0. 068
0 . 061
5000
300. 8
19
3
5 0. 04
15
341
2.9
263
406
0. 095
0 . 085
5500
340. 8
21
3
6 0. 04
16
389
2. 5
259
513
0. 133
0 . 116
6000
384. 5
23
3
7 0. 04
17
442
2. 2
256
642
0. 188
0 . 159
6500
433. 4
25
4
8 0. 04
18
501
1.9
254
799
0. 273
0 . 226
7000
490. 2
27
4
10 0. 05
19
568
1. 6
252
997
0. 424
0 . 331
7500
560. 6
29
4
12 0. 05
20
650
1. 3
251
1262
0. 793
0 . 528
8000
669 . 1
32
5
16 0. 05
22
769
1. 1
251
1701
1 . 136
************************************************************************
8000
884.9
33
6
24 0. 06
22
986
0. 7
257
2614
2. 17
7500
992. 7
32
6
29 0. 07
21 1085
0. 6
260
3052
1 . 826
1. 56
7000 1062. 5
30
6
31 0. 07
20 1148
0. 5
262
3316
1 . 454
1. 36
6500 1118. 5
28
6
33 0. 07
19 1198
0. 4
263
3512
1 . 298
1. 25
6000 1166. 5
25
6
35 0. 07
17 1242
0. 4
264
3668
1 . 207
1. 18
5500 1208.9
23
6
36 0. 08
16 1282
0. 3
265
3794
1 . 147
1. 13
5000 1246. 6
21
5
37 0. 08
14 1319
0. 3
265
3896
1 . 103
1. 09
4500 1279 .9
5
38 0. 08
13 1356
0. 2
265
3978
1 . 069
1. 06
118
(U//FOUO)
(U//FOUO)
(U//FOUO)
UNCLASSIFIED//FOR OFFICIAL USE ONLY


==================================================
FIM DO TEXTO EXTRAÍDO
