=== TEXTO EXTRAÍDO DA PÁGINA 346 ===
PDF: BR-B-UUQ_Firing_Table_Part_1
==================================================

CHARGE
TABLE J
F T 155 AR 1
7R
PART 1
FUZE CORRECT ION FACTORS
PROJ , HE , M79 5
FUZE , MTSQ , M582
1
2
3
4
5
6
7
8
9
10
11
FS
FUZE CORRECT IONS FOR
MUZZLE
RANGE
A IR
A IR
PROJ WT
VELOC I TY
WI ND
TEMP
DENS I TY
OF 1 SQ
1 M / S
1 KNOT
1 PCT
1 PCT
( 4 SQ STD)
DEC
I NC
HEAD
TA I L
DEC
I NC
DEC
I NC
DEC
I NC
0
1
2
. 003 0. 003
0. 000 0. 000
0. 000 0. 000
0. 000 0. 000
0. 006
. 006
3
. 004 0. 004
0. 000 0. 000
0. 000 0. 000
0. 001
. 001
0. 009
. 009
4
. 006 0. 006
0. 000 0. 000
0. 000 0. 000
0. 001
. 001
0. 012
. 012
5
. 007 0. 007
0. 000 0. 000
0. 000 0. 000
0. 002
. 002
0. 014
. 014
6
. 009 0. 009
0. 000 0. 000
0. 001
. 001
0. 003
. 003
0. 016
. 016
7
. 010 0. 010
0. 000 0. 000
0. 001
. 001
0. 004
. 004
0. 018
. 018
8
. 011 0. 011
0. 000 0. 000
0. 001
. 001
0. 005
. 005
0. 020
. 020
9
. 012 0. 012
0. 000 0. 000
0. 001
. 001
0. 006
. 006
0. 021
. 022
10
. 014 0. 014
0. 000 0. 000
0. 002
. 002
0. 007
. 007
0. 022
. 023
11
. 015 0. 015
0. 000 0. 000
0. 002
. 002
0. 009
. 008
0. 024
. 024
12
. 016 0. 016
0. 000 0. 000
0. 002
. 002
0. 010
. 010
0. 025
. 025
13
. 017 0. 017
0. 000 0. 000
0. 003
. 003
0. 012
. 011
0. 025
. 026
14
. 018 0. 018
0. 000 0. 000
0. 003
. 003
0. 013
. 013
0. 026
. 027
15
. 020 0. 019
. 001 0. 001
0. 004
. 004
0. 015
. 015
0. 027
. 028
16
. 021 0. 021
. 001 0. 001
0. 004
. 005
0. 017
. 017
0. 027
. 028
17
. 022 0. 022
. 001 0. 001
0. 005
. 006
0. 020
. 020
0. 027
. 028
18
. 023 0. 023
. 001 0. 001
0. 006
. 007
0. 022
. 022
0. 026
. 028
19
. 024 0. 024
. 001 0. 001
0. 008
. 009
0. 025
. 025
0. 025
. 027
20
. 025 0. 025
. 001 0. 001
0. 009
. 010
0. 028
. 028
0. 024
. 027
21
. 026 0. 026
. 001 0. 001
0. 011
. 011
0. 031
. 031
0. 024
. 026
22
. 027 0. 027
. 001 0. 001
0. 013
. 012
0. 035
. 034
0. 022
. 025
23
. 029 0. 028
. 001 0. 001
0. 014
. 014
0. 038
. 037
0. 021
. 024
24
. 030 0. 029
. 001 0. 001
0. 016
. 015
0. 041
. 040
0. 020
. 023
25
. 031 0. 030
. 001 0. 001
0. 017
. 015
0. 045
. 043
0. 019
. 022
26
. 032 0. 031
. 001 0. 001
0. 018
. 016
0. 048
. 045
0. 018
. 021
27
. 033 0. 032
. 001 0. 001
0. 020
. 017
0. 051
. 048
0. 017
. 020
28
. 033 0. 033
. 001 0. 001
0. 021
. 018
0. 054
. 051
0. 015
. 019
29
. 034 0. 034
. 001 0. 001
0. 022
. 018
0. 058
. 054
0. 014
. 018
30
. 035 0. 035
. 001 0. 001
0. 023
. 018
0. 061
. 057
0. 013
. 017
31
. 036 0. 036
. 001 0. 002
0. 024
. 019
0. 064
. 059
0. 012
. 016
32
. 037 0. 037
. 001 0. 002
0. 024
. 019
0. 067
. 062
0. 011
. 015
33
. 038 0. 038
. 002 0. 002
0. 025
. 019
0. 070
. 064
0. 010
. 014
34
. 039 0. 039
. 002 0. 002
0. 025
. 019
0. 073
. 067
0. 009
. 013
35
. 040 0. 040
. 002 0. 002
0. 026
. 019
0. 076
. 069
0. 008
. 012
308
(U//FOUO)
(U//FOUO)
(U//FOUO)
UNCLASSIFIED//FOR OFFICIAL USE ONLY


==================================================
FIM DO TEXTO EXTRAÍDO
