=== TEXTO EXTRAÍDO DA PÁGINA 329 ===
PDF: BR-B-UUQ_Firing_Table_Part_1
==================================================

F T 155 AR 1
TABLE F
CHARGE
PART 1
7R
PROJ , HE , M79 5
CORRECT ION FACTORS
FUZE , PD , M739 A1
1
10
11
12
13
14
15
16
17
18
19
R
RANGE CORRECT IONS FOR
A
N
MUZZLE
RANGE
A IR
A IR
PROJ WT
G
VELOC I TY
WI ND
TEMP
DENS I TY
OF 1 SQ
E
1 M / S
1 KNOT
1 PCT
1 PCT
( 4 SQ STD)
DEC
I NC
HEAD
TA I L
DEC
I NC
DEC
I NC
DEC
I NC
M
M
M
M
M
M
M
M
M
M
M
14000
24. 7
24 . 3
15. 3
12 . 5
1. 6
5 . 3
63 . 3
60. 6
13
10
14100
24. 8
24 . 4
15. 6
12 . 7
2. 0
5 . 7
63 . 8
61. 1
13
10
14200
24.9
24 . 4
15.9
12 . 9
2. 4
6 . 0
64 . 3
61. 5
13
10
14300
25. 0
24 . 5
16. 1
13 . 1
2. 8
6 . 4
64 . 8
62. 0
14
11
14400
25. 0
24 . 6
16. 4
13 . 3
3. 3
6 . 8
65 . 3
62. 5
14
11
14500
25. 1
24 . 7
16. 7
13 . 5
3. 7
7 . 1
65 . 7
63. 0
14
11
14600
25. 2
24 . 8
17. 0
13 . 7
4. 2
7 . 5
66 . 2
63. 5
15
11
14700
25. 3
24 . 9
17. 3
13 . 9
4. 6
7 . 9
66 . 7
63.9
15
12
14800
25. 4
25 . 0
17. 6
14 . 1
5. 1
8 . 3
67 . 2
64. 4
15
12
14900
25. 5
25 . 1
17.9
14 . 3
5. 6
8 . 6
67 . 6
65. 0
16
12
15000
25. 6
25 . 2
18. 2
14 . 5
6. 1
9 . 0
68 . 1
65. 5
16
13
15100
25. 7
25 . 2
18. 5
14 . 7
6. 6
9 . 4
68 . 6
66. 0
16
13
15200
25. 8
25 . 3
18. 8
14 . 9
7. 1
9 . 8
69 . 0
66. 5
16
13
15300
25.9
25 . 4
19 . 1
15 . 1
7. 6
10 . 1
69 . 5
67. 1
17
13
15400
26. 0
25 . 5
19 . 4
15 . 3
8. 1
10 . 5
70 . 0
67. 7
17
14
15500
26. 0
25 . 6
19 . 8
15 . 5
8. 6
10 . 9
70 . 4
68. 3
17
14
15600
26. 1
25 . 7
20. 1
15 . 8
9 . 1
11 . 3
70 . 9
68.9
18
14
15700
26. 2
25 . 8
20. 4
16 . 0
9 . 6
11 . 6
71 . 4
69 . 5
18
15
15800
26. 3
25 . 9
20. 8
16 . 2
10. 1
12 . 0
71 . 8
70. 1
18
15
15900
26. 4
26 . 0
21. 1
16 . 4
10. 7
12 . 3
72 . 3
70. 8
18
15
16000
26. 5
26 . 0
21. 5
16 . 6
11. 2
12 . 7
72 . 8
71. 5
19
15
16100
26. 6
26 . 1
21. 8
16 . 9
11. 7
13 . 0
73 . 2
72. 2
19
16
16200
26. 8
26 . 2
22. 2
17 . 1
12. 2
13 . 4
73 . 7
72.9
19
16
16300
26.9
26 . 3
22. 6
17 . 3
12. 8
13 . 7
74 . 2
73. 7
20
16
16400
27. 0
26 . 4
23. 0
17 . 5
13. 2
14 . 0
74 . 6
74. 6
20
16
16500
27. 1
26 . 5
23. 5
17 . 8
13. 7
14 . 3
75 . 1
75. 5
21
17
16600
27. 3
26 . 6
24. 1
18 . 0
14. 2
14 . 6
75 . 6
76. 5
21
17
16700
27. 4
26 . 7
18 . 2
14. 6
14 . 8
76 . 1
77. 5
22
18
16800
27. 5
26 . 8
18 . 5
15. 1
15 . 1
76 . 6
78. 5
22
18
16900
27. 6
26 . 9
18 . 7
15. 5
15 . 3
77 . 0
79 . 5
22
19
17000
27. 8
27 . 1
18 . 9
15.9
15 . 6
77 . 5
80.9
23
19
17100
28. 0
27 . 2
19 . 2
16. 2
15 . 8
78 . 0
23
19
17200
28. 2
27 . 3
19 . 4
16. 5
15 . 9
78 . 6
24
20
17300
28. 4
27 . 4
19 . 6
16. 6
16 . 1
79 . 1
24
20
17400
28. 6
27 . 6
19 . 9
16. 7
16 . 2
79 . 6
25
21
17500
28.9
27 . 7
20 . 1
16. 7
16 . 2
80 . 2
26
21
29 1
(U//FOUO)
(U//FOUO)
(U//FOUO)
UNCLASSIFIED//FOR OFFICIAL USE ONLY


==================================================
FIM DO TEXTO EXTRAÍDO
