=== TEXTO EXTRAÍDO DA PÁGINA 148 ===
PDF: BR-B-UUQ_Firing_Table_Part_1
==================================================

CHARGE
TABLE F
F T 155 AR 1
4W
PART 1
BAS I C DATA
PROJ , HE , M79 5
FUZE , PD , M739 A1
1
2
3
4
5
6
7
8
9
R
E
FS FOR
DFS
DR
F
T IME
AZ IMUTH
A
L
GRAZE
PER
PER
O
OF
CORRECT IONS
N
E
BURST
10 M
1 M I L
R
FL I GHT
G
V
DEC
D ELEV
K
DR I F T
CW
E
FUZE
HOB
( CORR
OF
M582
TO L )
1 KNOT
M
M I L
M
M I L
SEC
M I L
M I L
0
0. 0
20
1
0. 0
0. 0
0. 00
100
5. 0
20
1
0. 3
0. 1
0. 01
200
9 .9
20
1
0. 6
0. 2
0. 01
300
14.9
20
1
0.9
0. 2
0. 02
400
19 .9
20
1
1. 3
0. 3
0. 02
500
24.9
20
1
1. 6
0. 4
0. 02
600
30. 0
1.9
1. 07
20
1
1.9
0. 5
0. 03
700
35. 1
2. 2
0.92
19
1
2. 2
0. 6
0. 03
800
40. 3
2. 6
0. 80
19
1
2. 6
0. 7
0. 04
900
45. 5
2.9
0. 71
19
1
2.9
0. 8
0. 04
1000
50. 7
3. 2
0. 64
19
1
3. 2
0.9
0. 05
1100
56. 0
3. 5
0. 58
19
1
3. 5
1. 0
0. 05
1200
61. 3
3.9
0. 53
19
1
3.9
1. 1
0. 06
1300
66. 7
4. 2
0. 49
19
1
4. 2
1. 2
0. 06
1400
72. 1
4. 6
0. 45
18
2
4. 6
1. 3
0. 06
1500
77. 5
4.9
0. 42
18
2
4.9
1. 4
0. 07
1600
83. 0
5. 2
0. 39
18
2
5. 2
1. 5
0. 07
1700
88. 5
5. 6
0. 37
18
2
5. 6
1. 6
0. 08
1800
94. 0
5.9
0. 35
18
2
5.9
1. 7
0. 08
1900
99 . 6
6. 3
0. 33
18
2
6. 3
1. 8
0. 08
2000
105. 3
6. 6
0. 31
18
2
6. 6
1.9
0. 09
2100
111. 0
7. 0
0. 30
18
2
7. 0
2. 0
0. 09
2200
116. 7
7. 3
0. 28
17
2
7. 3
2. 1
0. 09
2300
122. 5
7. 7
0. 27
17
2
7. 7
2. 2
0. 10
2400
128. 3
8. 0
0. 26
17
2
8. 0
2. 3
0. 10
2500
134. 2
8. 4
0. 25
17
2
8. 4
2. 4
0. 11
2600
140. 1
8. 7
0. 24
17
3
8. 7
2. 5
0. 11
2700
146. 0
9 . 1
0. 23
17
3
9 . 1
2. 7
0. 11
2800
152. 1
9 . 5
0. 22
17
3
9 . 5
2. 8
0. 12
2900
158. 1
9 . 8
0. 21
16
3
9 . 8
2.9
0. 12
3000
164. 2
10. 2
0. 20
16
3
10. 2
3. 0
0. 12
3100
170. 4
10. 6
0. 20
16
3
10. 6
3. 2
0. 13
3200
176. 6
10.9
0. 19
16
3
10.9
3. 3
0. 13
3300
182.9
11. 3
0. 18
16
3
11. 3
3. 4
0. 14
3400
189 . 3
11. 7
0. 18
16
3
11. 7
3. 5
0. 14
3500
195. 7
12. 1
0. 17
16
4
12. 1
3. 7
0. 14
110
(U//FOUO)
(U//FOUO)
(U//FOUO)
UNCLASSIFIED//FOR OFFICIAL USE ONLY


==================================================
FIM DO TEXTO EXTRAÍDO
