=== TEXTO EXTRAÍDO DA PÁGINA 320 ===
PDF: BR-B-UUQ_Firing_Table_Part_1
==================================================

CHARGE
TABLE F
F T 155 AR 1
7R
PART 1
BAS I C DATA
PROJ , HE , M79 5
FUZE , PD , M739 A1
1
2
3
4
5
6
7
8
9
R
E
FS FOR
DFS
DR
F
T IME
AZ IMUTH
A
L
GRAZE
PER
PER
O
OF
CORRECT IONS
N
E
BURST
10 M
1 M I L
R
FL I GHT
G
V
DEC
D ELEV
K
DR I F T
CW
E
FUZE
HOB
( CORR
OF
M582
TO L )
1 KNOT
M
M I L
M
M I L
SEC
M I L
M I L
0
0. 0
86
1
0. 0
0. 0
0. 00
100
1. 2
86
1
0. 2
0. 0
0. 00
200
2. 4
86
1
0. 3
0. 1
0. 01
300
3. 5
85
1
0. 5
0. 1
0. 01
400
4. 7
84
1
0. 6
0. 1
0. 01
500
5.9
83
1
0. 8
0. 2
0. 02
600
7. 1
82
1
0.9
0. 2
0. 02
700
8. 3
82
1
1. 1
0. 2
0. 02
800
9 . 6
80
1
1. 3
0. 3
0. 02
900
10. 8
80
1
1. 4
0. 3
0. 03
1000
12. 1
79
1
1. 6
0. 3
0. 03
1100
13. 4
78
1
1. 7
0. 4
0. 03
1200
14. 7
1.9
1. 08
77
1
1.9
0. 4
0. 04
1300
16. 0
2. 1
0.99
76
1
2. 1
0. 5
0. 04
1400
17. 3
2. 2
0.92
76
1
2. 2
0. 5
0. 04
1500
18. 6
2. 4
0. 85
75
1
2. 4
0. 5
0. 05
1600
19 .9
2. 6
0. 80
74
1
2. 6
0. 6
0. 05
1700
21. 3
2. 8
0. 75
73
1
2. 8
0. 6
0. 05
1800
22. 7
2.9
0. 71
72
1
2.9
0. 7
0. 06
1900
24. 1
3. 1
0. 67
72
1
3. 1
0. 7
0. 06
2000
25. 5
3. 3
0. 63
71
1
3. 3
0. 7
0. 06
2100
26.9
3. 5
0. 60
70
1
3. 5
0. 8
0. 07
2200
28. 3
3. 6
0. 57
69
1
3. 6
0. 8
0. 07
2300
29 . 8
3. 8
0. 55
69
1
3. 8
0.9
0. 07
2400
31. 2
4. 0
0. 52
68
1
4. 0
0.9
0. 08
2500
32. 7
4. 2
0. 50
67
1
4. 2
1. 0
0. 08
2600
34. 2
4. 4
0. 48
66
1
4. 4
1. 0
0. 08
2700
35. 7
4. 6
0. 46
66
1
4. 6
1. 0
0. 09
2800
37. 2
4. 7
0. 44
65
1
4. 7
1. 1
0. 09
2900
38. 8
4.9
0. 43
64
1
4.9
1. 1
0. 09
3000
40. 3
5. 1
0. 41
64
1
5. 1
1. 2
0. 10
3100
41.9
5. 3
0. 40
63
1
5. 3
1. 2
0. 10
3200
43. 5
5. 5
0. 38
62
1
5. 5
1. 3
0. 11
3300
45. 1
5. 7
0. 37
61
1
5. 7
1. 3
0. 11
3400
46. 8
5.9
0. 36
61
1
5.9
1. 4
0. 11
3500
48. 4
6. 1
0. 35
60
1
6. 1
1. 4
0. 12
282
(U//FOUO)
(U//FOUO)
(U//FOUO)
UNCLASSIFIED//FOR OFFICIAL USE ONLY


==================================================
FIM DO TEXTO EXTRAÍDO
