=== TEXTO EXTRAÍDO DA PÁGINA 294 ===
PDF: BR-B-UUQ_Firing_Table_Part_1
==================================================

CHARGE
TABLE J
F T 155 AR 1
7W
PART 1
FUZE CORRECT ION FACTORS
PROJ , HE , M79 5
FUZE , MTSQ , M582
1
2
3
4
5
6
7
8
9
10
11
FS
FUZE CORRECT IONS FOR
MUZZLE
RANGE
A IR
A IR
PROJ WT
VELOC I TY
WI ND
TEMP
DENS I TY
OF 1 SQ
1 M / S
1 KNOT
1 PCT
1 PCT
( 4 SQ STD)
DEC
I NC
HEAD
TA I L
DEC
I NC
DEC
I NC
DEC
I NC
0
1
2
. 004 0. 004
0. 000 0. 000
0. 000 0. 000
0. 000 0. 000
0. 008
. 008
3
. 005 0. 005
0. 000 0. 000
0. 000 0. 000
0. 001
. 001
0. 012
. 012
4
. 007 0. 007
0. 000 0. 000
0. 000 0. 000
0. 001
. 001
0. 016
. 016
5
. 009 0. 009
0. 000 0. 000
0. 000 0. 000
0. 002
. 002
0. 019
. 019
6
. 010 0. 010
0. 000 0. 000
0. 001
. 001
0. 003
. 003
0. 022
. 022
7
. 012 0. 012
0. 000 0. 000
0. 001
. 001
0. 004
. 003
0. 025
. 025
8
. 014 0. 014
0. 000 0. 000
0. 001
. 001
0. 005
. 004
0. 028
. 028
9
. 015 0. 015
0. 000 0. 000
0. 001
. 001
0. 006
. 006
0. 030
. 031
10
. 017 0. 017
0. 000 0. 000
0. 002
. 002
0. 007
. 007
0. 032
. 033
11
. 018 0. 018
0. 000 0. 000
0. 002
. 003
0. 008
. 008
0. 034
. 035
12
. 020 0. 020
0. 000 0. 000
0. 003
. 004
0. 010
. 010
0. 036
. 037
13
. 021 0. 021
0. 000 0. 000
0. 004
. 005
0. 012
. 012
0. 037
. 038
14
. 023 0. 023
0. 000 0. 000
0. 005
. 006
0. 014
. 014
0. 039
. 040
15
. 024 0. 024
0. 000 0. 000
0. 006
. 006
0. 017
. 016
0. 040
. 041
16
. 026 0. 025
0. 000 0. 000
0. 008
. 007
0. 019
. 019
0. 040
. 042
17
. 027 0. 027
0. 000 0. 000
0. 009
. 008
0. 021
. 021
0. 041
. 043
18
. 028 0. 028
0. 000 0. 000
0. 010
. 008
0. 024
. 023
0. 042
. 044
19
. 029 0. 029
0. 000 0. 001
0. 010
. 008
0. 026
. 025
0. 042
. 044
20
. 031 0. 031
. 001 0. 001
0. 011
. 009
0. 029
. 027
0. 043
. 045
21
. 032 0. 032
. 001 0. 001
0. 012
. 009
0. 031
. 029
0. 043
. 045
22
. 033 0. 033
. 001 0. 001
0. 012
. 008
0. 033
. 031
0. 043
. 046
23
. 034 0. 034
. 001 0. 001
0. 012
. 008
0. 036
. 033
0. 044
. 046
24
. 035 0. 035
. 001 0. 002
0. 013
. 008
0. 038
. 035
0. 044
. 047
25
. 036 0. 036
. 001 0. 002
0. 013
. 007
0. 040
. 037
0. 044
. 047
26
. 037 0. 037
. 002 0. 002
0. 012
. 007
0. 042
. 039
0. 045
. 048
27
. 038 0. 038
. 002 0. 003
0. 012
. 006
0. 044
. 040
0. 045
. 048
28
. 039 0. 039
. 002 0. 003
0. 012
. 005
0. 046
. 042
0. 045
. 049
29
. 040 0. 040
. 003 0. 003
0. 011
. 004
0. 048
. 044
0. 046
. 049
30
. 041 0. 041
. 003 0. 004
0. 010
. 002
0. 050
. 045
0. 046
. 050
31
. 042 0. 042
. 003 0. 004
0. 009
. 001
0. 052
. 047
0. 047
. 050
32
. 043 0. 043
. 004 0. 005
0. 008 0. 000
0. 054
. 048
0. 047
. 051
33
. 044 0. 044
. 004 0. 005
0. 007 0. 002
0. 056
. 050
0. 048
. 051
34
. 045 0. 044
. 004 0. 006
0. 006 0. 003
0. 057
. 051
0. 048
. 052
35
. 045 0. 045
. 005 0. 006
0. 005 0. 005
0. 059
. 052
0. 048
. 052
256
(U//FOUO)
(U//FOUO)
(U//FOUO)
UNCLASSIFIED//FOR OFFICIAL USE ONLY


==================================================
FIM DO TEXTO EXTRAÍDO
