=== TEXTO EXTRAÍDO DA PÁGINA 330 ===
PDF: BR-B-UUQ_Firing_Table_Part_1
==================================================

CHARGE
TABLE F
F T 155 AR 1
7R
PART 1
BAS I C DATA
PROJ , HE , M79 5
FUZE , PD , M739 A1
1
2
3
4
5
6
7
8
9
R
E
FS FOR
DFS
DR
F
T IME
AZ IMUTH
A
L
GRAZE
PER
PER
O
OF
CORRECT IONS
N
E
BURST
10 M
1 M I L
R
FL I GHT
G
V
DEC
D ELEV
K
DR I F T
CW
E
FUZE
HOB
( CORR
OF
M582
TO L )
1 KNOT
M
M I L
M
M I L
SEC
M I L
M I L
17500
689 . 4
60. 3
0. 04
6
28
60. 3
26. 1
0. 77
17600
706. 5
61. 5
0. 04
5
33
61. 5
27. 0
0. 78
17700
726. 7
62.9
0. 04
4
41
62.9
28. 2
0. 79
17800
752. 8
64. 7
0. 04
64. 7
29 . 8
0. 80
**********************************************************************
17800
870. 6
72. 4
0. 03
72. 4
38. 5
0.95
17700
894. 6
74. 0
0. 03
5
41
74. 0
40. 6
0.96
17600
912. 4
75. 1
0. 03
6
32
75. 1
42. 2
0.98
17500
927. 3
76. 0
0. 03
7
27
76. 0
43. 7
0.99
17400
940. 3
76. 8
0. 03
8
24
76. 8
45. 0
1. 00
17300
952. 1
77. 5
0. 03
9
22
77. 5
46. 3
1. 02
17200
962.9
78. 1
0. 03
10
20
78. 1
47. 5
1. 03
17100
972.9
78. 7
0. 03
10
19
78. 7
48. 6
1. 04
17000
982. 2
79 . 2
0. 03
11
17
79 . 2
49 . 7
1. 06
16900
991. 1
79 . 7
0. 03
12
16
79 . 7
50. 8
1. 07
16800
999 . 5
80. 2
0. 03
12
16
80. 2
51.9
1. 08
16700
1007. 5
80. 6
0. 03
13
15
80. 6
52.9
1. 09
16600
1015. 1
81. 1
0. 03
13
14
81. 1
54. 0
1. 10
16500
1022. 5
81. 5
0. 03
14
14
81. 5
55. 0
1. 11
16400
1029 . 6
81. 8
0. 03
14
13
81. 8
56. 0
1. 13
16300
1036. 4
82. 2
0. 03
15
13
82. 2
57. 0
1. 14
16200
1043. 0
82. 6
0. 03
15
12
82. 6
58. 1
1. 15
16100
1049 . 5
82.9
0. 03
16
12
82.9
59 . 1
1. 16
16000
1055. 7
83. 2
0. 03
16
11
83. 2
60. 1
1. 17
15900
1061. 8
83. 6
0. 03
17
11
83. 6
61. 1
1. 19
15800
1067. 7
83.9
0. 03
17
11
83.9
62. 1
1. 20
15700
1073. 4
84. 2
0. 03
18
10
84. 2
63. 1
1. 21
15600
1079 . 0
84. 4
0. 03
18
10
84. 4
64. 1
1. 22
15500
1084. 5
84. 7
0. 03
18
10
84. 7
65. 2
1. 23
15400
1089 .9
85. 0
0. 03
19
9
85. 0
66. 2
1. 25
15300
1095. 1
85. 3
0. 03
19
9
85. 3
67. 2
1. 26
15200
1100. 3
85. 5
0. 03
20
9
85. 5
68. 3
1. 27
15100
1105. 3
85. 8
0. 03
20
9
85. 8
69 . 3
1. 28
15000
1110. 3
86. 0
0. 03
20
8
86. 0
70. 4
1. 30
29 2
(U//FOUO)
(U//FOUO)
(U//FOUO)
UNCLASSIFIED//FOR OFFICIAL USE ONLY


==================================================
FIM DO TEXTO EXTRAÍDO
