=== TEXTO EXTRAÍDO DA PÁGINA 284 ===
PDF: BR-B-UUQ_Firing_Table_Part_1
==================================================

CHARGE
TABLE G
F T 155 AR 1
7W
PART 1
SUPPLEMENTARY DATA
PROJ , HE , M79 5
FUZE , PD , M739 A1
1
2
3
4
5
6
7
8
9
10
11
12
13
R
E
PROBABLE ERRORS
ANGLE
COT
TML
MO
COMP S I TE
A
L
OF
ANGLE VEL
FOR
N
E
FUZE M582
FALL
OF
ANGLE OF S I TE
G
V
FALL
+1 M I L
1 M I L
E
R
D
HB
TB
RB
S I TE
S I TE
M
M I L
M
M
M
SEC
M
M I L
M / S
M
M I L
M I L
0
0. 0
11
0
0
544
0
0. 000
0. 00
1000
17.9
11
0
19
53. 4
499
5
0. 000
0. 00
2000
38. 1
10
1
1 0. 04
18
43
23. 6
456
20
0. 001
0. 00
3000
60.9
10
1
1 0. 04
17
73
13.9
416
49
0. 002
0 . 001
4000
86.9
10
2
2 0. 04
16
111
9 . 1
380
96
0. 003
0 . 002
5000
116. 8
11
2
2 0. 04
15
158
6. 4
349
167
0. 007
0 . 004
6000
150.9
13
3
3 0. 04
15
214
4. 7
328
267
0. 011
0 . 007
7000
189 . 6
14
3
4 0. 04
15
276
3. 6
314
403
0. 019
0 . 012
8000
232. 8
16
4
5 0. 04
16
343
2.9
305
580
0. 030
0 . 021
9000
280. 8
18
4
6 0. 04
16
413
2. 3
300
804
0. 047
0 . 034
10000
333.9
19
5
8 0. 05
17
487
1.9
298
1081
0. 074
0 . 055
11000
393. 2
21
6
9 0. 05
18
563
1. 6
297
1424
0. 119
0 . 090
12000
460. 8
23
7
12 0. 05
19
645
1. 4
299
1852
0. 204
0 . 151
13000
542. 0
25
8
14 0. 06
21
736
1. 1
302
2413
0. 403
0 . 278
14000
656. 2
27
9
19 0. 07
23
854
0.9
308
3273
0 . 666
************************************************************************
14000
937. 8
31 11
34 0. 10
26 1103
0. 5
324
5543
1. 79
13000 1039 . 5
29 11
40 0. 11
25 1183
0. 4
327
6319
1 . 507
1. 39
12000 1108. 2
27 11
44 0. 12
23 1238
0. 4
330
6802
1 . 290
1. 24
11000 1163. 2
24 11
47 0. 12
22 1282
0. 3
331
7154
1 . 187
1. 16
10000 1209 . 6
22 10
49 0. 13
20 1322
0. 3
332
7424
1 . 124
1. 11
9000 1249 . 2
20 10
52 0. 13
18 1359
0. 2
332
7632
1 . 081
1. 07
8000 1282. 3
9
1396
0. 2
332
7788
1. 04
246
(U//FOUO)
(U//FOUO)
(U//FOUO)
UNCLASSIFIED//FOR OFFICIAL USE ONLY


==================================================
FIM DO TEXTO EXTRAÍDO
