=== TEXTO EXTRAÍDO DA PÁGINA 273 ===
PDF: BR-B-UUQ_Firing_Table_Part_1
==================================================

F T 155 AR 1
TABLE F
CHARGE
PART 1
7W
PROJ , HE , M79 5
CORRECT ION FACTORS
FUZE , PD , M739 A1
1
10
11
12
13
14
15
16
17
18
19
R
RANGE CORRECT IONS FOR
A
N
MUZZLE
RANGE
A IR
A IR
PROJ WT
G
VELOC I TY
WI ND
TEMP
DENS I TY
OF 1 SQ
E
1 M / S
1 KNOT
1 PCT
1 PCT
( 4 SQ STD)
DEC
I NC
HEAD
TA I L
DEC
I NC
DEC
I NC
DEC
I NC
M
M
M
M
M
M
M
M
M
M
M
3500
11. 2
10 . 8
0.9
0 . 9
1 . 5
1. 4
6 . 6
6. 8
19
20
3600
11. 5
11 . 0
1. 0
0 . 9
1 . 6
1. 5
6 . 9
7. 2
19
20
3700
11. 8
11 . 3
1. 0
1 . 0
1 . 7
1. 5
7 . 3
7. 5
20
20
3800
12. 0
11 . 5
1. 1
1 . 0
1 . 8
1. 6
7 . 7
7.9
20
21
3900
12. 3
11 . 8
1. 2
1 . 1
1 . 9
1. 7
8 . 1
8. 4
20
21
4000
12. 5
12 . 0
1. 2
1 . 2
2 . 0
1. 8
8 . 5
8. 8
20
21
4100
12. 8
12 . 3
1. 3
1 . 2
2 . 1
1.9
8 . 9
9 . 2
20
21
4200
13. 0
12 . 5
1. 4
1 . 3
2 . 2
1.9
9 . 3
9 . 6
20
21
4300
13. 3
12 . 8
1. 4
1 . 3
2 . 3
2. 0
9 . 7
10. 1
20
21
4400
13. 5
13 . 0
1. 5
1 . 4
2 . 4
2. 1
10 . 2
10. 5
21
21
4500
13. 8
13 . 2
1. 6
1 . 5
2 . 5
2. 1
10 . 6
11. 0
21
22
4600
14. 0
13 . 5
1. 7
1 . 6
2 . 6
2. 2
11 . 1
11. 5
21
22
4700
14. 2
13 . 7
1. 8
1 . 6
2 . 7
2. 3
11 . 5
11.9
21
22
4800
14. 5
13 . 9
1. 8
1 . 7
2 . 7
2. 3
12 . 0
12. 4
21
22
4900
14. 7
14 . 1
1.9
1 . 8
2 . 8
2. 3
12 . 4
12.9
21
22
5000
14.9
14 . 4
2. 0
1 . 9
2 . 9
2. 4
12 . 9
13. 3
21
22
5100
15. 1
14 . 6
2. 1
1 . 9
3 . 0
2. 4
13 . 4
13. 8
21
22
5200
15. 3
14 . 8
2. 2
2 . 0
3 . 1
2. 4
13 . 9
14. 3
21
22
5300
15. 5
15 . 0
2. 3
2 . 1
3 . 2
2. 4
14 . 4
14. 8
21
22
5400
15. 7
15 . 2
2. 4
2 . 2
3 . 2
2. 4
14 . 9
15. 2
21
22
5500
15.9
15 . 4
2. 5
2 . 3
3 . 3
2. 4
15 . 4
15. 7
21
22
5600
16. 1
15 . 6
2. 6
2 . 4
3 . 4
2. 3
15 . 8
16. 2
21
22
5700
16. 3
15 . 8
2. 7
2 . 5
3 . 4
2. 3
16 . 3
16. 6
21
22
5800
16. 5
16 . 0
2.9
2 . 6
3 . 4
2. 2
16 . 8
17. 1
21
22
5900
16. 7
16 . 2
3. 0
2 . 7
3 . 5
2. 1
17 . 3
17. 5
21
22
6000
16.9
16 . 4
3. 1
2 . 8
3 . 5
2. 0
17 . 8
18. 0
20
22
6100
17. 1
16 . 6
3. 2
2 . 9
3 . 5
2. 0
18 . 3
18. 4
20
22
6200
17. 2
16 . 7
3. 4
3 . 0
3 . 4
1. 8
18 . 8
18.9
20
22
6300
17. 4
16 . 9
3. 5
3 . 2
3 . 4
1. 7
19 . 3
19 . 3
20
22
6400
17. 6
17 . 1
3. 6
3 . 3
3 . 4
1. 6
19 . 8
19 . 8
20
21
6500
17. 8
17 . 3
3. 8
3 . 4
3 . 3
1. 5
20 . 3
20. 2
20
21
6600
17.9
17 . 4
3.9
3 . 5
3 . 2
1. 3
20 . 8
20. 7
20
21
6700
18. 1
17 . 6
4. 1
3 . 7
3 . 2
1. 2
21 . 2
21. 1
20
21
6800
18. 2
17 . 8
4. 2
3 . 8
3 . 1
1. 0
21 . 7
21. 5
20
21
6900
18. 4
17 . 9
4. 4
3 . 9
3 . 0
0. 8
22 . 2
22. 0
20
21
7000
18. 6
18 . 1
4. 5
4 . 0
2 . 8
0. 6
22 . 7
22. 4
19
21
235
(U//FOUO)
(U//FOUO)
(U//FOUO)
UNCLASSIFIED//FOR OFFICIAL USE ONLY


==================================================
FIM DO TEXTO EXTRAÍDO
