=== TEXTO EXTRAÍDO DA PÁGINA 107 ===
PDF: BR-B-UUQ_Firing_Table_Part_1
==================================================

3
3
4
4
F T 155 AR 1
TABLE B
CHARGE
PART 1
5G
PROJ , HE , M79 5
COMPLEMENTARY RANGE
FUZE , PD , M739 A1
L I NE NUMBER
CHANGE
I N RANGE ,
I N METERS
TO CORRECT FOR COMPLEMENTARY ANGLE OF S I TE
L I NE NUMBERS OF METEOROLOG I CAL MESSAGE
HE I GHT OF TARGET ABOVE GUN
METERS
RANGE
L I NE
400
500
600
700
800
9 00
1000
METERS
NO.
51
65
81
97
114
132
150
3500
52
67
83
100
117
136
155
3600
54
70
86
103
121
140
159
3700
56
72
88
106
124
144
164
3800
58
74
91
109
128
148
169
3900
59
76
94
112
132
152
174
4000
61
79
97
116
136
157
179
4100
63
81
100
119
140
162
184
4200
65
83
103
123
144
166
190
4300
67
86
106
126
148
171
195
4400
69
88
109
130
153
176
201
4500
71
91
112
134
157
181
207
4600
73
94
115
138
162
187
212
4700
75
96
119
142
166
192
219
4800
78
99
122
146
171
197
225
4900
80
102
126
150
176
203
231
5000
82
105
129
155
181
209
238
5100
85
108
133
159
186
215
245
5200
87
111
137
164
192
221
252
5300
90
115
141
169
197
228
259
5400
92
118
145
173
203
234
267
5500
95
121
149
178
209
241
274
5600
98
125
154
184
215
248
283
5700
100
129
158
189
221
255
291
5800
103
132
163
195
228
263
300
5900
106
136
168
200
235
271
309
6000
110
140
173
206
242
279
318
6100
113
145
178
212
249
287
328
6200
116
149
183
219
257
296
338
6300
120
153
188
225
264
305
349
6400
123
158
194
232
273
315
360
6500
127
163
200
240
281
325
371
6600
131
168
206
247
290
335
383
6700
135
173
213
255
299
346
396
6800
139
178
220
263
309
358
410
6900
143
184
227
272
320
370
424
7000
69
(U//FOUO)
(U//FOUO)
(U//FOUO)
UNCLASSIFIED//FOR OFFICIAL USE ONLY


==================================================
FIM DO TEXTO EXTRAÍDO
