=== TEXTO EXTRAÍDO DA PÁGINA 173 ===
PDF: BR-B-UUQ_Firing_Table_Part_1
==================================================

2
3
3
F T 155 AR 1
TABLE B
CHARGE
PART 1
5W
PROJ , HE , M79 5
COMPLEMENTARY RANGE
FUZE , PD , M739 A1
L I NE NUMBER
CHANGE
I N RANGE ,
I N METERS
TO CORRECT FOR COMPLEMENTARY ANGLE OF S I TE
L I NE NUMBERS OF METEOROLOG I CAL MESSAGE
HE I GHT OF TARGET ABOVE GUN
METERS
RANGE
L I NE
400
500
600
700
800
9 00
1000
METERS
NO.
0
2
100
6
8
10
12
14
16
200
7
10
13
16
19
23
26
300
9
13
17
20
24
29
33
400
11
15
19
24
28
33
38
500
12
17
21
27
32
38
43
600
13
18
24
29
35
41
48
700
14
20
25
31
38
45
52
800
15
21
27
34
41
48
55
900
16
22
29
36
43
51
59
1000
17
24
30
37
45
53
62
1100
18
25
32
39
47
56
65
1200
19
26
33
41
49
58
67
1300
20
27
35
43
51
60
70
1400
21
28
36
44
53
63
72
1500
22
29
37
46
55
65
75
1600
23
31
39
48
57
67
77
1700
24
32
40
49
59
69
80
1800
25
33
41
51
61
71
82
1900
26
34
43
52
62
73
84
2000
27
35
44
54
64
75
87
2100
28
36
45
55
66
77
89
2200
28
37
47
57
68
79
91
2300
29
38
48
58
70
81
93
2400
30
40
49
60
71
83
96
2500
31
41
51
62
73
85
98
2600
32
42
52
63
75
87
100
2700
33
43
54
65
77
89
103
2800
34
44
55
67
79
92
105
2900
35
45
56
68
81
94
108
3000
36
47
58
70
83
96
110
3100
37
48
59
72
85
98
113
3200
38
49
61
73
87
100
115
3300
39
50
62
75
89
103
118
3400
40
52
64
77
91
105
120
3500
135
(U//FOUO)
(U//FOUO)
(U//FOUO)
UNCLASSIFIED//FOR OFFICIAL USE ONLY


==================================================
FIM DO TEXTO EXTRAÍDO
