=== TEXTO EXTRAÍDO DA PÁGINA 315 ===
PDF: BR-B-UUQ_Firing_Table_Part_1
==================================================

10
11
11
F T 155 AR 1
TABLE B
CHARGE
PART 1
7R
PROJ , HE , M79 5
COMPLEMENTARY RANGE
FUZE , PD , M739 A1
L I NE NUMBER
CHANGE
I N RANGE ,
I N METERS
TO CORRECT FOR COMPLEMENTARY ANGLE OF S I TE
L I NE NUMBERS OF METEOROLOG I CAL MESSAGE
HE I GHT OF TARGET ABOVE GUN
METERS
RANGE
L I NE
400
500
600
700
800
9 00
1000
METERS
NO.
651
802
948
1089
1225
1356
1483
15000
663
817
966
1110
1249
1383
1512
14900
676
832
984
1130
1272
1409
1542
14800
688
848
1002
1152
1296
1436
1571
14700
700
863
1021
1173
1320
1463
1601
14600
713
878
1039
1194
1345
1490
1630
14500
726
894
1058
1216
1369
1517
1660
14400
739
910
1076
1238
1394
1544
1690
14300
752
926
1096
1260
1419
1572
1721
14200
765
942
1115
1282
1444
1600
1751
14100
778
959
1134
1304
1469
1628
1782
14000
792
976
1154
1327
1494
1657
1813
13900
806
993
1174
1350
1520
1685
1845
13800
820
1010
1194
1373
1546
1714
1877
13700
834
1027
1215
1397
1573
1743
1909
13600
848
1045
1236
1420
1600
1773
1941
13500
863
1063
1257
1445
1627
1803
1974
13400
878
1081
1278
1469
1654
1834
2007
13300
893
1100
1300
1494
1682
1865
2041
13200
908
1118
1322
1520
1711
1896
2075
13100
924
1138
1345
1545
1740
1928
2110
13000
940
1157
1368
1572
1769
1960
2145
12900
957
1177
1391
1598
1799
1993
2181
12800
974
1198
1415
1625
1829
2026
2217
12700
991
1219
1439
1653
1860
2060
2254
12600
1008
1240
1464
1681
1892
2095
2292
12500
1026
1262
1490
1710
1924
2130
2330
12400
1045
1284
1516
1740
1956
2166
2369
12300
1064
1307
1542
1770
1990
2203
2409
12200
1083
1330
1570
1801
2024
2240
2449
12100
1103
1355
1597
1832
2059
2278
2490
12000
1124
1380
1626
1864
2095
2317
2532
11900
1145
1405
1655
1897
2131
2357
2575
11800
1167
1431
1685
1931
2168
2397
2619
11700
1189
1458
1716
1966
2206
2439
2663
11600
1213
1485
1748
2001
2246
2482
2709
11500
277
(U//FOUO)
(U//FOUO)
(U//FOUO)
UNCLASSIFIED//FOR OFFICIAL USE ONLY


==================================================
FIM DO TEXTO EXTRAÍDO
