=== TEXTO EXTRAÍDO DA PÁGINA 233 ===
PDF: BR-B-UUQ_Firing_Table_Part_1
==================================================

F T 155 AR 1
TABLE F
CHARGE
PART 1
6W
PROJ , HE , M79 5
CORRECT ION FACTORS
FUZE , PD , M739 A1
1
10
11
12
13
14
15
16
17
18
19
R
RANGE CORRECT IONS FOR
A
N
MUZZLE
RANGE
A IR
A IR
PROJ WT
G
VELOC I TY
WI ND
TEMP
DENS I TY
OF 1 SQ
E
1 M / S
1 KNOT
1 PCT
1 PCT
( 4 SQ STD)
DEC
I NC
HEAD
TA I L
DEC
I NC
DEC
I NC
DEC
I NC
M
M
M
M
M
M
M
M
M
M
M
10000
24. 0
23 . 1
17. 0
14 . 1
17. 0
17 . 4
37 . 2
36. 5
7
9
9900
23. 8
22 . 9
16.9
13 . 9
16. 8
17 . 3
36 . 8
36. 2
6
9
9800
23. 6
22 . 6
16. 8
13 . 7
16. 6
17 . 1
36 . 4
35. 8
6
9
9700
23. 3
22 . 4
16. 7
13 . 6
16. 4
16 . 9
36 . 0
35. 5
6
9
9600
23. 1
22 . 2
16. 6
13 . 4
16. 3
16 . 8
35 . 6
35. 1
6
8
9500
22.9
21 . 9
16. 5
13 . 2
16. 1
16 . 6
35 . 2
34. 7
6
8
9400
22. 6
21 . 7
16. 4
13 . 0
15.9
16 . 5
34 . 8
34. 4
6
8
9300
22. 4
21 . 5
16. 3
12 . 8
15. 7
16 . 3
34 . 4
34. 0
5
8
9200
22. 2
21 . 3
16. 2
12 . 6
15. 6
16 . 1
34 . 0
33. 6
5
7
9100
21.9
21 . 0
16. 1
12 . 3
15. 4
16 . 0
33 . 6
33. 2
5
7
9000
21. 7
20 . 8
15.9
12 . 1
15. 3
15 . 8
33 . 2
32.9
5
7
8900
21. 4
20 . 6
15. 8
11 . 8
15. 1
15 . 7
32 . 7
32. 5
5
7
8800
21. 2
20 . 3
15. 7
11 . 6
14.9
15 . 6
32 . 3
32. 1
4
6
8700
21. 0
20 . 1
15. 6
11 . 3
14. 8
15 . 4
31 . 9
31. 7
4
6
8600
20. 7
19 . 8
15. 4
11 . 0
14. 6
15 . 3
31 . 4
31. 3
4
6
8500
20. 5
19 . 6
15. 3
10 . 7
14. 5
15 . 1
31 . 0
30.9
4
5
8400
20. 2
19 . 3
15. 1
10 . 3
14. 4
15 . 0
30 . 6
30. 5
3
5
8300
20. 0
19 . 1
15. 0
9 . 9
14. 2
14 . 8
30 . 1
30. 1
3
5
8200
19 . 7
18 . 8
14.9
9 . 5
14. 1
14 . 7
29 . 7
29 . 7
3
4
8100
19 . 4
18 . 6
14. 7
9 . 1
14. 0
14 . 6
29 . 2
29 . 2
2
4
8000
19 . 2
18 . 3
14. 6
13. 8
14 . 4
28 . 7
28. 8
2
4
7900
18.9
18 . 1
14. 4
13. 7
14 . 3
28 . 3
28. 4
1
3
7800
18. 7
17 . 8
14. 2
13. 6
14 . 2
27 . 8
28. 0
1
3
7700
18. 4
17 . 6
14. 1
13. 5
14 . 1
27 . 3
27. 5
1
2
7600
18. 2
17 . 3
13.9
13. 3
14 . 0
26 . 8
27. 1
0
2
7500
17.9
17 . 0
13. 7
13. 2
13 . 9
26 . 3
26. 7
0
1
7400
17. 6
16 . 8
13. 6
13. 1
13 . 8
25 . 8
26. 2
1
1
7300
17. 3
16 . 5
13. 4
13. 0
13 . 7
25 . 3
25. 8
2
0
7200
17. 1
16 . 2
13. 2
12.9
13 . 6
24 . 8
25. 3
2
0
7100
16. 8
15 . 9
13. 0
12. 8
13 . 5
24 . 2
24. 8
3
1
7000
16. 5
15 . 6
12. 7
12. 8
13 . 4
23 . 7
24. 4
4
2
6900
16. 2
15 . 3
12. 5
12. 7
13 . 3
23.9
5
2
6800
15.9
15 . 1
12. 2
12. 6
13 . 3
23. 4
5
3
6700
15. 6
14 . 8
12. 0
12. 6
13 . 3
22.9
4
6600
15. 3
14 . 5
11. 7
13 . 2
22. 4
5
6500
15. 0
14 . 1
11. 4
13 . 2
21. 8
6
19 5
(U//FOUO)
(U//FOUO)
(U//FOUO)
UNCLASSIFIED//FOR OFFICIAL USE ONLY


==================================================
FIM DO TEXTO EXTRAÍDO
