=== TEXTO EXTRAÍDO DA PÁGINA 186 ===
PDF: BR-B-UUQ_Firing_Table_Part_1
==================================================

CHARGE
TABLE F
F T 155 AR 1
5W
PART 1
BAS I C DATA
PROJ , HE , M79 5
FUZE , PD , M739 A1
1
2
3
4
5
6
7
8
9
R
E
FS FOR
DFS
DR
F
T IME
AZ IMUTH
A
L
GRAZE
PER
PER
O
OF
CORRECT IONS
N
E
BURST
10 M
1 M I L
R
FL I GHT
G
V
DEC
D ELEV
K
DR I F T
CW
E
FUZE
HOB
( CORR
OF
M582
TO L )
1 KNOT
M
M I L
M
M I L
SEC
M I L
M I L
3500
150. 2
10. 7
0. 19
20
2
10. 7
3. 1
0. 21
3600
155. 3
11. 0
0. 19
19
2
11. 0
3. 2
0. 21
3700
160. 5
11. 3
0. 18
19
2
11. 3
3. 3
0. 22
3800
165. 7
11. 7
0. 18
19
2
11. 7
3. 4
0. 22
3900
171. 0
12. 0
0. 17
19
2
12. 0
3. 5
0. 22
4000
176. 3
12. 4
0. 17
19
3
12. 4
3. 7
0. 23
4100
181. 6
12. 7
0. 16
19
3
12. 7
3. 8
0. 23
4200
187. 0
13. 1
0. 16
18
3
13. 1
3.9
0. 24
4300
192. 5
13. 5
0. 15
18
3
13. 5
4. 0
0. 24
4400
198. 0
13. 8
0. 15
18
3
13. 8
4. 1
0. 25
4500
203. 5
14. 2
0. 15
18
3
14. 2
4. 3
0. 25
4600
209 . 2
14. 5
0. 14
18
3
14. 5
4. 4
0. 25
4700
214. 8
14.9
0. 14
18
3
14.9
4. 5
0. 26
4800
220. 5
15. 3
0. 14
17
3
15. 3
4. 6
0. 26
4900
226. 3
15. 7
0. 13
17
3
15. 7
4. 8
0. 27
5000
232. 1
16. 0
0. 13
17
3
16. 0
4.9
0. 27
5100
238. 0
16. 4
0. 13
17
3
16. 4
5. 0
0. 27
5200
243.9
16. 8
0. 12
17
3
16. 8
5. 2
0. 28
5300
249 .9
17. 2
0. 12
17
3
17. 2
5. 3
0. 28
5400
256. 0
17. 6
0. 12
16
4
17. 6
5. 5
0. 29
5500
262. 1
17.9
0. 12
16
4
17.9
5. 6
0. 29
5600
268. 3
18. 3
0. 11
16
4
18. 3
5. 8
0. 29
5700
274. 6
18. 7
0. 11
16
4
18. 7
5.9
0. 30
5800
280.9
19 . 1
0. 11
16
4
19 . 1
6. 1
0. 30
5900
287. 3
19 . 5
0. 11
16
4
19 . 5
6. 2
0. 31
6000
293. 7
19 .9
0. 11
15
4
19 .9
6. 4
0. 31
6100
300. 3
20. 4
0. 10
15
4
20. 4
6. 5
0. 31
6200
306.9
20. 8
0. 10
15
4
20. 8
6. 7
0. 32
6300
313. 6
21. 2
0. 10
15
5
21. 2
6.9
0. 32
6400
320. 4
21. 6
0. 10
15
5
21. 6
7. 0
0. 33
6500
327. 3
22. 0
0. 10
14
5
22. 0
7. 2
0. 33
6600
334. 3
22. 5
0. 09
14
5
22. 5
7. 4
0. 33
6700
341. 4
22.9
0. 09
14
5
22.9
7. 6
0. 34
6800
348. 6
23. 3
0. 09
14
5
23. 3
7. 8
0. 34
6900
355.9
23. 8
0. 09
14
5
23. 8
8. 0
0. 35
7000
363. 3
24. 2
0. 09
13
6
24. 2
8. 2
0. 35
148
(U//FOUO)
(U//FOUO)
(U//FOUO)
UNCLASSIFIED//FOR OFFICIAL USE ONLY


==================================================
FIM DO TEXTO EXTRAÍDO
