=== TEXTO EXTRAÍDO DA PÁGINA 303 ===
PDF: BR-B-UUQ_Firing_Table_Part_1
==================================================

2
3
3
F T 155 AR 1
TABLE B
CHARGE
PART 1
7R
PROJ , HE , M79 5
COMPLEMENTARY RANGE
FUZE , PD , M739 A1
L I NE NUMBER
CHANGE
I N RANGE ,
I N METERS
TO CORRECT FOR COMPLEMENTARY ANGLE OF S I TE
L I NE NUMBERS OF METEOROLOG I CAL MESSAGE
HE I GHT OF TARGET ABOVE GUN
METERS
RANGE
L I NE
400
500
600
700
800
9 00
1000
METERS
NO.
0
0
100
2
3
4
6
7
8
200
4
6
8
10
12
14
16
300
4
7
9
11
14
16
19
400
5
8
11
14
17
20
23
500
6
9
12
15
19
22
26
600
7
10
13
17
21
25
29
700
7
10
13
17
22
26
30
800
7
10
14
18
23
27
32
900
7
11
15
19
24
29
34
1000
8
11
15
20
24
30
35
1100
8
11
15
20
25
30
36
1200
8
12
16
21
26
31
37
1300
8
12
16
21
26
32
38
1400
9
12
17
21
27
32
39
1500
9
13
17
22
27
33
39
1600
9
13
17
22
28
34
40
1700
9
13
18
23
28
34
41
1800
9
13
18
23
28
35
41
1900
9
13
18
23
29
35
42
2000
10
14
18
24
29
36
42
2100
10
14
19
24
30
36
43
2200
10
14
19
24
30
36
43
2300
10
14
19
24
30
37
44
2400
10
15
19
25
31
37
44
2500
10
15
20
25
31
37
45
2600
11
15
20
25
31
38
45
2700
11
15
20
26
32
38
45
2800
11
15
20
26
32
39
46
2900
11
15
20
26
32
39
46
3000
11
15
21
26
32
39
47
3100
11
16
21
27
33
40
47
3200
11
16
21
27
33
40
47
3300
11
16
21
27
33
40
48
3400
12
16
21
27
34
40
48
3500
265
(U//FOUO)
(U//FOUO)
(U//FOUO)
UNCLASSIFIED//FOR OFFICIAL USE ONLY


==================================================
FIM DO TEXTO EXTRAÍDO
