=== TEXTO EXTRAÍDO DA PÁGINA 153 ===
PDF: BR-B-UUQ_Firing_Table_Part_1
==================================================

F T 155 AR 1
TABLE F
CHARGE
PART 1
4W
PROJ , HE , M79 5
CORRECT ION FACTORS
FUZE , PD , M739 A1
1
10
11
12
13
14
15
16
17
18
19
R
RANGE CORRECT IONS FOR
A
N
MUZZLE
RANGE
A IR
A IR
PROJ WT
G
VELOC I TY
WI ND
TEMP
DENS I TY
OF 1 SQ
E
1 M / S
1 KNOT
1 PCT
1 PCT
( 4 SQ STD)
DEC
I NC
HEAD
TA I L
DEC
I NC
DEC
I NC
DEC
I NC
M
M
M
M
M
M
M
M
M
M
M
7000
32.9
28 . 1
8. 7
5 . 4
13. 0
7 . 0
12 . 0
12. 3
30
32
7100
33. 4
28 . 5
8.9
5 . 5
13. 0
7 . 0
12 . 4
12. 7
30
32
7200
33.9
28 . 9
9 . 0
5 . 6
13. 0
7 . 0
12 . 7
13. 0
30
33
7300
34. 4
29 . 3
9 . 1
5 . 8
13. 0
7 . 0
13 . 0
13. 4
30
33
7400
34. 8
29 . 7
9 . 3
5 . 9
13. 0
7 . 0
13 . 4
13. 8
31
33
7500
35. 3
30 . 1
9 . 4
6 . 0
13. 0
6 . 9
13 . 7
14. 2
31
33
7600
35. 8
30 . 5
9 . 5
6 . 1
13. 0
6 . 9
14 . 1
14. 6
31
34
7700
36. 3
30 . 9
6 . 2
13. 0
6 . 9
14 . 5
15. 0
31
34
7800
31 . 3
6 . 3
12.9
6 . 8
14 . 9
15. 5
31
34
7900
31 . 8
6 . 5
12. 7
6 . 8
15 . 3
16. 0
32
34
8000
32 . 2
6 . 6
12. 5
6 . 7
15 . 7
32
35
8100
32 . 6
6 . 7
6 . 7
16 . 1
32
**********************************************************************
8100
33 . 5
7 . 5
5 . 9
17 . 7
31
8000
33 . 1
7 . 5
11. 7
5 . 7
17 . 5
31
34
7900
32 . 8
7 . 4
11. 3
5 . 6
17 . 3
17. 0
30
34
7800
32 . 4
7 . 3
11. 0
5 . 5
17 . 2
16.9
30
33
7700
36. 7
32 . 0
7 . 2
10. 8
5 . 4
17 . 0
16. 8
30
33
7600
36. 3
31 . 7
9 . 6
7 . 1
10. 5
5 . 3
16 . 7
16. 6
29
32
7500
35. 8
31 . 3
9 . 5
7 . 0
10. 3
5 . 2
16 . 5
16. 4
29
32
7400
35. 4
30 . 9
9 . 4
6 . 9
10. 1
5 . 1
16 . 3
16. 2
29
32
7300
35. 0
30 . 5
9 . 3
6 . 8
10. 0
5 . 0
16 . 1
16. 0
28
31
7200
34. 5
30 . 1
9 . 2
6 . 7
9 . 8
4 . 9
15 . 9
15. 8
28
31
7100
34. 1
29 . 7
9 . 1
6 . 6
9 . 6
4 . 8
15 . 6
15. 6
27
30
7000
33. 7
29 . 3
9 . 0
6 . 5
9 . 4
4 . 7
15 . 4
15. 4
27
30
6900
33. 2
28 . 9
8.9
6 . 3
9 . 3
4 . 7
15 . 1
15. 1
27
29
6800
32. 8
28 . 5
8. 8
6 . 2
9 . 1
4 . 6
14 . 9
14.9
26
29
6700
32. 3
28 . 1
8. 7
6 . 0
9 . 0
4 . 5
14 . 6
14. 7
26
28
6600
31. 8
27 . 7
8. 6
5 . 9
8. 8
4 . 4
14 . 4
14. 5
25
28
6500
31. 4
27 . 3
8. 4
5 . 7
8. 7
4 . 4
14 . 1
14. 2
25
27
6400
30.9
26 . 9
8. 3
5 . 5
8. 6
4 . 3
13 . 9
14. 0
24
27
6300
30. 5
26 . 5
8. 2
5 . 3
8. 4
4 . 2
13 . 6
13. 7
24
26
6200
30. 0
26 . 1
8. 1
5 . 1
8. 3
4 . 2
13 . 3
13. 5
24
26
6100
29 . 5
25 . 7
8. 0
4 . 8
8. 2
4 . 1
13 . 1
13. 2
23
25
6000
29 . 1
25 . 3
7. 8
4 . 6
8. 0
4 . 0
12 . 8
13. 0
23
25
115
(U//FOUO)
(U//FOUO)
(U//FOUO)
UNCLASSIFIED//FOR OFFICIAL USE ONLY


==================================================
FIM DO TEXTO EXTRAÍDO
