=== TEXTO EXTRAÍDO DA PÁGINA 188 ===
PDF: BR-B-UUQ_Firing_Table_Part_1
==================================================

CHARGE
TABLE F
F T 155 AR 1
5W
PART 1
BAS I C DATA
PROJ , HE , M79 5
FUZE , PD , M739 A1
1
2
3
4
5
6
7
8
9
R
E
FS FOR
DFS
DR
F
T IME
AZ IMUTH
A
L
GRAZE
PER
PER
O
OF
CORRECT IONS
N
E
BURST
10 M
1 M I L
R
FL I GHT
G
V
DEC
D ELEV
K
DR I F T
CW
E
FUZE
HOB
( CORR
OF
M582
TO L )
1 KNOT
M
M I L
M
M I L
SEC
M I L
M I L
7000
363. 3
24. 2
0. 09
13
6
24. 2
8. 2
0. 35
7100
370. 8
24. 7
0. 09
13
6
24. 7
8. 4
0. 35
7200
378. 4
25. 2
0. 08
13
6
25. 2
8. 6
0. 36
7300
386. 2
25. 6
0. 08
13
6
25. 6
8. 8
0. 36
7400
394. 1
26. 1
0. 08
13
6
26. 1
9 . 0
0. 37
7500
402. 2
26. 6
0. 08
12
6
26. 6
9 . 3
0. 37
7600
410. 4
27. 1
0. 08
12
7
27. 1
9 . 5
0. 38
7700
418. 8
27. 6
0. 08
12
7
27. 6
9 . 7
0. 38
7800
427. 3
28. 1
0. 08
12
7
28. 1
10. 0
0. 38
7900
436. 1
28. 6
0. 07
11
7
28. 6
10. 2
0. 39
8000
445. 1
29 . 1
0. 07
11
8
29 . 1
10. 5
0. 39
8100
454. 3
29 . 7
0. 07
11
8
29 . 7
10. 8
0. 40
8200
463. 7
30. 2
0. 07
10
8
30. 2
11. 1
0. 40
8300
473. 4
30. 8
0. 07
10
9
30. 8
11. 4
0. 41
8400
483. 4
31. 4
0. 07
10
9
31. 4
11. 7
0. 41
8500
493. 7
32. 0
0. 07
10
10
32. 0
12. 0
0. 42
8600
504. 3
32. 6
0. 07
9
10
32. 6
12. 4
0. 42
8700
515. 3
33. 2
0. 06
9
11
33. 2
12. 7
0. 43
8800
526. 8
33.9
0. 06
9
11
33.9
13. 1
0. 44
8900
538. 8
34. 5
0. 06
8
12
34. 5
13. 5
0. 44
9000
551. 4
35. 2
0. 06
8
13
35. 2
13.9
0. 45
9100
564. 6
36. 0
0. 06
7
14
36. 0
14. 4
0. 46
9200
578. 7
36. 8
0. 06
7
15
36. 8
14.9
0. 46
9300
593.9
37. 6
0. 06
6
17
37. 6
15. 5
0. 47
9400
610. 2
38. 5
0. 06
6
18
38. 5
16. 1
0. 48
9500
628. 3
39 . 4
0. 06
5
21
39 . 4
16. 8
0. 49
9600
648. 6
40. 5
0. 05
5
24
40. 5
17. 7
0. 50
9700
672. 5
41. 7
0. 05
4
30
41. 7
18. 7
0. 51
9800
702.9
43. 3
0. 05
2
48
43. 3
20. 0
0. 53
9900
756. 3
45.9
0. 05
45.9
22. 7
**********************************************************************
9900
812.9
48. 5
0. 05
48. 5
25. 8
9800
865. 8
50.9
0. 04
2
51
50.9
29 . 3
0. 65
9700
895. 8
52. 2
0. 04
4
33
52. 2
31. 4
0. 67
9600
919 . 3
53. 2
0. 04
5
26
53. 2
33. 3
0. 69
9500
939 . 2
54. 0
0. 04
5
22
54. 0
34.9
0. 71
150
(U//FOUO)
(U//FOUO)
(U//FOUO)
UNCLASSIFIED//FOR OFFICIAL USE ONLY


==================================================
FIM DO TEXTO EXTRAÍDO
