=== TEXTO EXTRAÍDO DA PÁGINA 228 ===
PDF: BR-B-UUQ_Firing_Table_Part_1
==================================================

CHARGE
TABLE F
F T 155 AR 1
6W
PART 1
BAS I C DATA
PROJ , HE , M79 5
FUZE , PD , M739 A1
1
2
3
4
5
6
7
8
9
R
E
FS FOR
DFS
DR
F
T IME
AZ IMUTH
A
L
GRAZE
PER
PER
O
OF
CORRECT IONS
N
E
BURST
10 M
1 M I L
R
FL I GHT
G
V
DEC
D ELEV
K
DR I F T
CW
E
FUZE
HOB
( CORR
OF
M582
TO L )
1 KNOT
M
M I L
M
M I L
SEC
M I L
M I L
7000
274. 5
21. 2
0. 10
18
4
21. 2
6. 7
0. 39
7100
280. 1
21. 6
0. 10
18
4
21. 6
6. 8
0. 40
7200
285. 8
22. 0
0. 10
17
4
22. 0
7. 0
0. 40
7300
291. 6
22. 4
0. 09
17
4
22. 4
7. 1
0. 41
7400
297. 4
22. 8
0. 09
17
4
22. 8
7. 3
0. 41
7500
303. 3
23. 2
0. 09
17
4
23. 2
7. 4
0. 42
7600
309 . 3
23. 6
0. 09
17
4
23. 6
7. 6
0. 42
7700
315. 3
24. 0
0. 09
17
4
24. 0
7. 7
0. 42
7800
321. 4
24. 4
0. 09
16
4
24. 4
7.9
0. 43
7900
327. 5
24. 8
0. 08
16
4
24. 8
8. 1
0. 43
8000
333. 7
25. 2
0. 08
16
5
25. 2
8. 3
0. 44
8100
340. 0
25. 6
0. 08
16
5
25. 6
8. 4
0. 44
8200
346. 4
26. 0
0. 08
16
5
26. 0
8. 6
0. 44
8300
352. 8
26. 5
0. 08
15
5
26. 5
8. 8
0. 45
8400
359 . 4
26.9
0. 08
15
5
26.9
9 . 0
0. 45
8500
366. 0
27. 3
0. 08
15
5
27. 3
9 . 2
0. 46
8600
372. 7
27. 8
0. 08
15
5
27. 8
9 . 4
0. 46
8700
379 . 5
28. 2
0. 08
15
5
28. 2
9 . 6
0. 46
8800
386. 4
28. 7
0. 07
14
5
28. 7
9 . 8
0. 47
8900
393. 4
29 . 1
0. 07
14
6
29 . 1
10. 0
0. 47
9000
400. 5
29 . 6
0. 07
14
6
29 . 6
10. 2
0. 48
9100
407. 8
30. 1
0. 07
14
6
30. 1
10. 4
0. 48
9200
415. 1
30. 5
0. 07
14
6
30. 5
10. 6
0. 49
9300
422. 6
31. 0
0. 07
13
6
31. 0
10.9
0. 49
9400
430. 2
31. 5
0. 07
13
6
31. 5
11. 1
0. 49
9500
437.9
32. 0
0. 07
13
7
32. 0
11. 4
0. 50
9600
445. 8
32. 5
0. 07
13
7
32. 5
11. 6
0. 50
9700
453.9
33. 0
0. 06
12
7
33. 0
11.9
0. 51
9800
462. 1
33. 5
0. 06
12
7
33. 5
12. 1
0. 51
9900
470. 5
34. 0
0. 06
12
8
34. 0
12. 4
0. 52
10000
479 . 1
34. 6
0. 06
12
8
34. 6
12. 7
0. 52
10100
487.9
35. 1
0. 06
11
8
35. 1
13. 0
0. 53
10200
496.9
35. 7
0. 06
11
8
35. 7
13. 3
0. 53
10300
506. 2
36. 3
0. 06
11
9
36. 3
13. 6
0. 54
10400
515. 7
36.9
0. 06
10
9
36.9
14. 0
0. 54
10500
525. 6
37. 5
0. 06
10
10
37. 5
14. 3
0. 55
19 0
(U//FOUO)
(U//FOUO)
(U//FOUO)
UNCLASSIFIED//FOR OFFICIAL USE ONLY


==================================================
FIM DO TEXTO EXTRAÍDO
