=== TEXTO EXTRAÍDO DA PÁGINA 214 ===
PDF: BR-B-UUQ_Firing_Table_Part_1
==================================================

2
3
4
4
5
CHARGE
TABLE B
F T 155 AR 1
6W
PART 1
COMPLEMENTARY RANGE
PROJ , HE , M79 5
L I NE NUMBER
FUZE , PD , M739 A1
CHANGE
I N RANGE ,
I N METERS
TO CORRECT FOR COMPLEMENTARY ANGLE OF S I TE
L I NE NUMBERS OF METEOROLOG I CAL MESSAGE
L I NE
RANGE
HE I GHT OF TARGET ABOVE GUN
METERS
NO.
METERS
400
300
200
100
0
100
200
300
7000
43
33
23
12
0
12
25
39
7100
44
34
24
12
0
12
26
40
7200
45
35
24
13
0
13
26
41
7300
46
36
25
13
0
13
27
42
7400
48
37
25
13
0
13
28
43
7500
49
38
26
14
0
14
28
44
7600
50
39
27
14
0
14
29
45
7700
52
40
28
14
0
14
30
46
7800
53
41
28
15
0
15
31
47
7900
55
42
29
15
0
15
31
49
8000
56
43
30
15
0
16
32
50
8100
58
45
31
16
0
16
33
51
8200
59
46
31
16
0
16
34
53
8300
61
47
32
17
0
17
35
54
8400
63
48
33
17
0
17
36
56
8500
65
50
34
18
0
18
37
57
8600
67
51
35
18
0
18
38
59
8700
69
53
36
19
0
19
39
61
8800
71
54
37
19
0
20
41
62
8900
73
56
38
20
0
20
42
64
9000
75
58
39
20
0
21
43
66
9100
77
59
41
21
0
21
44
68
9200
80
61
42
22
0
22
46
70
9300
82
63
43
22
0
23
47
72
9400
85
65
44
23
0
24
48
74
9500
87
67
46
23
0
24
50
77
9600
90
69
47
24
0
25
51
79
9700
93
71
49
25
0
26
53
81
9800
96
73
50
26
0
27
55
84
9900
99
76
52
27
0
27
56
87
10000
102
78
53
27
0
28
58
90
10100
105
80
55
28
0
29
60
93
10200
108
83
57
29
0
30
62
96
10300
112
86
58
30
0
31
64
99
10400
115
88
60
31
0
32
67
103
10500
119
91
62
32
0
34
69
107
176
(U//FOUO)
(U//FOUO)
(U//FOUO)
UNCLASSIFIED//FOR OFFICIAL USE ONLY


==================================================
FIM DO TEXTO EXTRAÍDO
