=== TEXTO EXTRAÍDO DA PÁGINA 277 ===
PDF: BR-B-UUQ_Firing_Table_Part_1
==================================================

F T 155 AR 1
TABLE F
CHARGE
PART 1
7W
PROJ , HE , M79 5
CORRECT ION FACTORS
FUZE , PD , M739 A1
1
10
11
12
13
14
15
16
17
18
19
R
RANGE CORRECT IONS FOR
A
N
MUZZLE
RANGE
A IR
A IR
PROJ WT
G
VELOC I TY
WI ND
TEMP
DENS I TY
OF 1 SQ
E
1 M / S
1 KNOT
1 PCT
1 PCT
( 4 SQ STD)
DEC
I NC
HEAD
TA I L
DEC
I NC
DEC
I NC
DEC
I NC
M
M
M
M
M
M
M
M
M
M
M
10500
22. 8
22 . 4
11. 8
9 . 9
7. 7
9 . 9
37 . 6
36. 4
14
16
10600
22.9
22 . 5
12. 0
10 . 1
8. 1
10 . 2
38 . 0
36. 8
14
16
10700
23. 0
22 . 6
12. 3
10 . 3
8. 5
10 . 6
38 . 4
37. 2
14
16
10800
23. 1
22 . 7
12. 5
10 . 5
9 . 0
10 . 9
38 . 8
37. 6
13
16
10900
23. 2
22 . 8
12. 8
10 . 6
9 . 4
11 . 3
39 . 2
38. 1
13
16
11000
23. 3
22 . 9
13. 1
10 . 8
9 . 8
11 . 6
39 . 6
38. 5
13
16
11100
23. 4
23 . 0
13. 3
11 . 0
10. 3
11 . 9
40 . 0
38.9
13
15
11200
23. 5
23 . 1
13. 6
11 . 2
10. 7
12 . 3
40 . 4
39 . 4
13
15
11300
23. 6
23 . 2
13. 8
11 . 4
11. 1
12 . 6
40 . 8
39 .9
12
15
11400
23. 7
23 . 3
14. 1
11 . 6
11. 5
13 . 0
41 . 2
40. 4
12
15
11500
23. 8
23 . 4
14. 4
11 . 8
12. 0
13 . 3
41 . 7
40. 8
12
15
11600
24. 0
23 . 5
14. 6
12 . 0
12. 4
13 . 6
42 . 1
41. 4
12
14
11700
24. 1
23 . 6
14.9
12 . 2
12. 8
13 . 9
42 . 5
41.9
12
14
11800
24. 2
23 . 7
15. 2
12 . 5
13. 2
14 . 3
42 . 9
42. 4
11
14
11900
24. 3
23 . 8
15. 5
12 . 7
13. 6
14 . 6
43 . 3
42.9
11
14
12000
24. 4
23 . 9
15. 7
12 . 9
14. 0
14 . 9
43 . 8
43. 5
11
14
12100
24. 5
24 . 0
16. 0
13 . 1
14. 4
15 . 1
44 . 2
44. 0
11
14
12200
24. 7
24 . 1
16. 3
13 . 3
14. 8
15 . 4
44 . 7
44. 5
10
13
12300
24. 8
24 . 2
16. 6
13 . 5
15. 1
15 . 7
45 . 1
45. 1
10
13
12400
24.9
24 . 3
16. 8
13 . 7
15. 5
16 . 0
45 . 6
45. 6
10
13
12500
25. 0
24 . 4
17. 1
13 . 9
15. 8
16 . 2
46 . 1
46. 2
10
13
12600
25. 2
24 . 6
17. 4
14 . 1
16. 1
16 . 5
46 . 5
46. 8
9
12
12700
25. 3
24 . 7
17. 7
14 . 3
16. 4
16 . 8
47 . 0
47. 4
9
12
12800
25. 4
24 . 8
18. 0
14 . 5
16. 7
17 . 0
47 . 5
48. 0
9
12
12900
25. 6
24 . 9
18. 4
14 . 7
17. 0
17 . 3
48 . 0
48. 6
8
12
13000
25. 7
25 . 1
18. 7
14 . 9
17. 2
17 . 5
48 . 5
49 . 2
8
11
13100
25.9
25 . 2
19 . 0
15 . 1
17. 5
17 . 8
49 . 0
49 . 8
8
11
13200
26. 0
25 . 3
19 . 4
15 . 3
17. 7
18 . 0
49 . 5
50. 5
8
11
13300
26. 1
25 . 4
19 . 8
15 . 5
17.9
18 . 3
50 . 1
51. 2
7
11
13400
26. 3
25 . 6
20. 3
15 . 8
18. 1
18 . 5
50 . 7
52. 0
7
10
13500
26. 4
25 . 7
16 . 0
18. 3
18 . 7
51 . 2
52. 8
7
10
13600
26. 6
25 . 8
16 . 2
18. 5
18 . 9
51 . 9
53. 6
7
10
13700
26. 8
25 . 9
16 . 4
18. 7
19 . 1
52 . 5
54. 4
6
10
13800
27. 0
26 . 1
16 . 6
18.9
19 . 3
53 . 1
55. 6
6
9
13900
27. 2
26 . 2
16 . 8
19 . 1
19 . 5
53 . 7
57. 7
6
9
14000
27. 4
26 . 4
17 . 0
19 . 2
19 . 6
54 . 3
5
9
239
(U//FOUO)
(U//FOUO)
(U//FOUO)
UNCLASSIFIED//FOR OFFICIAL USE ONLY


==================================================
FIM DO TEXTO EXTRAÍDO
