=== TEXTO EXTRAÍDO DA PÁGINA 321 ===
PDF: BR-B-UUQ_Firing_Table_Part_1
==================================================

F T 155 AR 1
TABLE F
CHARGE
PART 1
7R
PROJ , HE , M79 5
CORRECT ION FACTORS
FUZE , PD , M739 A1
1
10
11
12
13
14
15
16
17
18
19
R
RANGE CORRECT IONS FOR
A
N
MUZZLE
RANGE
A IR
A IR
PROJ WT
G
VELOC I TY
WI ND
TEMP
DENS I TY
OF 1 SQ
E
1 M / S
1 KNOT
1 PCT
1 PCT
( 4 SQ STD)
DEC
I NC
HEAD
TA I L
DEC
I NC
DEC
I NC
DEC
I NC
M
M
M
M
M
M
M
M
M
M
M
0
0. 0
0. 0
0. 0
0. 0
0. 0
0. 0
0. 0
0. 0
0
0
100
0. 3
0 . 3
0. 0
0. 0
0. 0
0. 0
0. 0
0. 0
1
1
200
0. 6
0 . 6
0. 0
0. 0
0. 0
0. 0
0. 0
0. 0
1
1
300
0.9
0 . 9
0. 0
0. 0
0. 0
0. 0
0. 0
0. 0
2
2
400
1. 2
1 . 2
0. 0
0. 0
0. 0
0. 0
0. 0
0. 1
3
3
500
1. 5
1 . 5
0. 0
0. 0
0. 0
0. 0
0 . 1
0. 1
3
3
600
1. 8
1 . 8
0. 0
0. 0
0. 0
0. 0
0 . 1
0. 2
4
4
700
2. 1
2 . 0
0. 0
0. 0
0 . 1
0. 0
0 . 2
0. 3
4
4
800
2. 4
2 . 3
0. 0
0. 0
0 . 1
0. 1
0 . 3
0. 3
5
5
900
2. 7
2 . 6
0. 0
0. 0
0 . 1
0. 1
0 . 4
0. 4
5
6
1000
3. 0
2 . 9
0. 0
0. 0
0 . 1
0. 1
0 . 5
0. 5
6
6
1100
3. 3
3 . 2
0. 1
0 . 1
0 . 1
0. 1
0 . 6
0. 6
7
7
1200
3. 6
3 . 4
0. 1
0 . 1
0 . 2
0. 1
0 . 7
0. 7
7
7
1300
3.9
3 . 7
0. 1
0 . 1
0 . 2
0. 2
0 . 8
0. 8
7
8
1400
4. 1
4 . 0
0. 1
0 . 1
0 . 2
0. 2
0 . 9
0.9
8
8
1500
4. 4
4 . 2
0. 1
0 . 1
0 . 3
0. 2
1 . 1
1. 1
8
9
1600
4. 7
4 . 5
0. 1
0 . 1
0 . 3
0. 3
1 . 2
1. 2
9
9
1700
5. 0
4 . 8
0. 1
0 . 1
0 . 3
0. 3
1 . 4
1. 4
9
9
1800
5. 2
5 . 0
0. 2
0 . 2
0 . 4
0. 3
1 . 6
1. 6
10
10
1900
5. 5
5 . 3
0. 2
0 . 2
0 . 4
0. 4
1 . 7
1. 8
10
10
2000
5. 8
5 . 5
0. 2
0 . 2
0 . 5
0. 4
1 . 9
1.9
10
11
2100
6. 0
5 . 8
0. 2
0 . 2
0 . 5
0. 5
2 . 1
2. 1
11
11
2200
6. 3
6 . 0
0. 2
0 . 2
0 . 6
0. 5
2 . 3
2. 4
11
11
2300
6. 5
6 . 3
0. 3
0 . 3
0 . 6
0. 5
2 . 5
2. 6
11
12
2400
6. 8
6 . 5
0. 3
0 . 3
0 . 7
0. 6
2 . 8
2. 8
12
12
2500
7. 1
6 . 8
0. 3
0 . 3
0 . 7
0. 6
3 . 0
3. 0
12
12
2600
7. 3
7 . 0
0. 3
0 . 3
0 . 8
0. 7
3 . 2
3. 3
12
13
2700
7. 6
7 . 3
0. 4
0 . 4
0 . 8
0. 7
3 . 5
3. 5
13
13
2800
7. 8
7 . 5
0. 4
0 . 4
0 . 9
0. 8
3 . 7
3. 8
13
13
2900
8. 0
7 . 8
0. 4
0 . 4
1 . 0
0.9
4 . 0
4. 1
13
14
3000
8. 3
8 . 0
0. 5
0 . 5
1 . 0
0.9
4 . 3
4. 4
13
14
3100
8. 5
8 . 2
0. 5
0 . 5
1 . 1
1. 0
4 . 6
4. 7
14
14
3200
8. 8
8 . 5
0. 5
0 . 5
1 . 2
1. 0
4 . 8
5. 0
14
14
3300
9 . 0
8 . 7
0. 6
0 . 6
1 . 2
1. 1
5 . 1
5. 3
14
14
3400
9 . 2
8 . 9
0. 6
0 . 6
1 . 3
1. 2
5 . 5
5. 6
14
15
3500
9 . 5
9 . 1
0. 7
0 . 6
1 . 4
1. 2
5 . 8
5.9
14
15
283
(U//FOUO)
(U//FOUO)
(U//FOUO)
UNCLASSIFIED//FOR OFFICIAL USE ONLY


==================================================
FIM DO TEXTO EXTRAÍDO
