=== TEXTO EXTRAÍDO DA PÁGINA 213 ===
PDF: BR-B-UUQ_Firing_Table_Part_1
==================================================

3
3
F T 155 AR 1
TABLE B
CHARGE
PART 1
6W
PROJ , HE , M79 5
COMPLEMENTARY RANGE
FUZE , PD , M739 A1
L I NE NUMBER
CHANGE
I N RANGE ,
I N METERS
TO CORRECT FOR COMPLEMENTARY ANGLE OF S I TE
L I NE NUMBERS OF METEOROLOG I CAL MESSAGE
HE I GHT OF TARGET ABOVE GUN
METERS
RANGE
L I NE
400
500
600
700
800
9 00
1000
METERS
NO.
26
34
44
54
65
76
89
3500
26
35
44
55
66
78
90
3600
27
36
45
56
67
79
91
3700
27
36
46
57
68
80
93
3800
28
37
47
58
69
81
94
3900
29
38
48
59
70
82
95
4000
29
39
49
60
71
84
97
4100
30
39
49
60
72
85
98
4200
30
40
50
62
73
86
99
4300
31
41
51
63
75
87
101
4400
32
41
52
64
76
89
102
4500
32
42
53
65
77
90
104
4600
33
43
54
66
78
91
105
4700
33
44
55
67
79
93
107
4800
34
45
56
68
81
94
108
4900
35
46
57
69
82
96
110
5000
36
46
58
70
83
97
112
5100
36
47
59
72
85
99
114
5200
37
48
60
73
86
100
115
5300
38
49
61
74
88
102
117
5400
39
50
62
76
89
104
119
5500
39
51
64
77
91
106
121
5600
40
52
65
78
92
107
123
5700
41
53
66
80
94
109
125
5800
42
54
67
81
96
111
127
5900
43
55
69
83
98
113
130
6000
44
57
70
84
100
115
132
6100
45
58
72
86
101
118
135
6200
46
59
73
88
103
120
137
6300
47
60
75
90
106
122
140
6400
48
61
76
92
108
125
143
6500
49
63
78
93
110
127
145
6600
50
64
79
95
112
130
148
6700
51
66
81
97
115
133
151
6800
52
67
83
100
117
135
155
6900
53
69
85
102
120
138
158
7000
175
(U//FOUO)
(U//FOUO)
(U//FOUO)
UNCLASSIFIED//FOR OFFICIAL USE ONLY


==================================================
FIM DO TEXTO EXTRAÍDO
