=== TEXTO EXTRAÍDO DA PÁGINA 184 ===
PDF: BR-B-UUQ_Firing_Table_Part_1
==================================================

CHARGE
TABLE F
F T 155 AR 1
5W
PART 1
BAS I C DATA
PROJ , HE , M79 5
FUZE , PD , M739 A1
1
2
3
4
5
6
7
8
9
R
E
FS FOR
DFS
DR
F
T IME
AZ IMUTH
A
L
GRAZE
PER
PER
O
OF
CORRECT IONS
N
E
BURST
10 M
1 M I L
R
FL I GHT
G
V
DEC
D ELEV
K
DR I F T
CW
E
FUZE
HOB
( CORR
OF
M582
TO L )
1 KNOT
M
M I L
M
M I L
SEC
M I L
M I L
0
0. 0
28
1
0. 0
0. 0
0. 00
100
3. 6
28
1
0. 3
0. 1
0. 01
200
7. 1
28
1
0. 5
0. 1
0. 01
300
10. 6
28
1
0. 8
0. 2
0. 02
400
14. 3
27
1
1. 1
0. 3
0. 03
500
17.9
27
1
1. 3
0. 4
0. 03
600
21. 7
27
1
1. 6
0. 4
0. 04
700
25. 4
1.9
1. 08
26
1
1.9
0. 5
0. 05
800
29 . 3
2. 2
0.94
26
1
2. 2
0. 6
0. 05
900
33. 1
2. 5
0. 83
26
1
2. 5
0. 7
0. 06
1000
37. 0
2. 8
0. 74
25
1
2. 8
0. 8
0. 07
1100
41. 0
3. 0
0. 67
25
1
3. 0
0. 8
0. 07
1200
45. 0
3. 3
0. 62
25
1
3. 3
0.9
0. 08
1300
49 . 1
3. 6
0. 57
24
1
3. 6
1. 0
0. 09
1400
53. 2
3.9
0. 52
24
1
3.9
1. 1
0. 09
1500
57. 4
4. 2
0. 49
24
1
4. 2
1. 2
0. 10
1600
61. 6
4. 5
0. 45
24
1
4. 5
1. 3
0. 11
1700
65. 8
4. 8
0. 43
23
1
4. 8
1. 4
0. 11
1800
70. 1
5. 1
0. 40
23
1
5. 1
1. 5
0. 12
1900
74. 5
5. 4
0. 38
23
1
5. 4
1. 5
0. 12
2000
78. 8
5. 8
0. 36
23
1
5. 8
1. 6
0. 13
2100
83. 3
6. 1
0. 34
22
1
6. 1
1. 7
0. 13
2200
87. 8
6. 4
0. 32
22
2
6. 4
1. 8
0. 14
2300
92. 3
6. 7
0. 31
22
2
6. 7
1.9
0. 15
2400
96.9
7. 0
0. 29
22
2
7. 0
2. 0
0. 15
2500
101. 5
7. 3
0. 28
22
2
7. 3
2. 1
0. 16
2600
106. 2
7. 7
0. 27
21
2
7. 7
2. 2
0. 16
2700
110.9
8. 0
0. 26
21
2
8. 0
2. 3
0. 17
2800
115. 6
8. 3
0. 25
21
2
8. 3
2. 4
0. 17
2900
120. 4
8. 6
0. 24
21
2
8. 6
2. 5
0. 18
3000
125. 3
9 . 0
0. 23
21
2
9 . 0
2. 6
0. 18
3100
130. 2
9 . 3
0. 22
20
2
9 . 3
2. 7
0. 19
3200
135. 1
9 . 6
0. 22
20
2
9 . 6
2. 8
0. 19
3300
140. 1
10. 0
0. 21
20
2
10. 0
2.9
0. 20
3400
145. 1
10. 3
0. 20
20
2
10. 3
3. 0
0. 20
3500
150. 2
10. 7
0. 19
20
2
10. 7
3. 1
0. 21
146
(U//FOUO)
(U//FOUO)
(U//FOUO)
UNCLASSIFIED//FOR OFFICIAL USE ONLY


==================================================
FIM DO TEXTO EXTRAÍDO
