=== TEXTO EXTRAÍDO DA PÁGINA 187 ===
PDF: BR-B-UUQ_Firing_Table_Part_1
==================================================

F T 155 AR 1
TABLE F
CHARGE
PART 1
5W
PROJ , HE , M79 5
CORRECT ION FACTORS
FUZE , PD , M739 A1
1
10
11
12
13
14
15
16
17
18
19
R
RANGE CORRECT IONS FOR
A
N
MUZZLE
RANGE
A IR
A IR
PROJ WT
G
VELOC I TY
WI ND
TEMP
DENS I TY
OF 1 SQ
E
1 M / S
1 KNOT
1 PCT
1 PCT
( 4 SQ STD)
DEC
I NC
HEAD
TA I L
DEC
I NC
DEC
I NC
DEC
I NC
M
M
M
M
M
M
M
M
M
M
M
3500
12. 5
12 . 4
3. 0
3 . 2
5. 6
7 . 0
5 . 0
4.9
15
16
3600
12. 7
12 . 6
3. 2
3 . 3
6. 0
7 . 4
5 . 2
5. 1
15
16
3700
12.9
12 . 8
3. 4
3 . 5
6. 4
7 . 7
5 . 4
5. 3
16
16
3800
13. 1
13 . 0
3. 6
3 . 6
6. 8
8 . 1
5 . 6
5. 5
16
17
3900
13. 4
13 . 3
3. 7
3 . 8
7. 2
8 . 5
5 . 9
5. 7
16
17
4000
13. 6
13 . 5
3.9
4 . 0
7. 6
8 . 9
6 . 1
5.9
16
17
4100
13. 8
13 . 7
4. 1
4 . 1
8. 0
9 . 2
6 . 3
6. 1
16
17
4200
14. 0
13 . 9
4. 3
4 . 3
8. 4
9 . 6
6 . 5
6. 4
16
17
4300
14. 2
14 . 1
4. 5
4 . 4
8. 8
10 . 0
6 . 8
6. 6
16
17
4400
14. 4
14 . 2
4. 7
4 . 6
9 . 3
10 . 4
7 . 0
6. 8
16
17
4500
14. 6
14 . 4
4.9
4 . 8
9 . 7
10 . 8
7 . 2
7. 0
16
17
4600
14. 8
14 . 6
5. 1
5 . 0
10. 1
11 . 1
7 . 5
7. 3
16
17
4700
15. 0
14 . 8
5. 4
5 . 1
10. 6
11 . 5
7 . 7
7. 5
16
17
4800
15. 2
15 . 0
5. 6
5 . 3
11. 0
11 . 9
7 . 9
7. 8
17
18
4900
15. 3
15 . 2
5. 8
5 . 5
11. 4
12 . 3
8 . 2
8. 0
17
18
5000
15. 5
15 . 4
6. 0
5 . 6
11.9
12 . 6
8 . 4
8. 3
17
18
5100
15. 7
15 . 5
6. 2
5 . 8
12. 3
13 . 0
8 . 7
8. 5
17
18
5200
15.9
15 . 7
6. 4
6 . 0
12. 8
13 . 4
8 . 9
8. 8
17
18
5300
16. 1
15 . 9
6. 6
6 . 2
13. 2
13 . 7
9 . 2
9 . 0
17
18
5400
16. 3
16 . 1
6.9
6 . 3
13. 6
14 . 1
9 . 4
9 . 3
17
18
5500
16. 5
16 . 2
7. 1
6 . 5
14. 1
14 . 5
9 . 7
9 . 6
17
18
5600
16. 7
16 . 4
7. 3
6 . 7
14. 5
14 . 8
10 . 0
9 .9
17
18
5700
16.9
16 . 6
7. 5
6 . 9
14.9
15 . 2
10 . 2
10. 1
17
18
5800
17. 1
16 . 8
7. 7
7 . 0
15. 3
15 . 5
10 . 5
10. 4
17
18
5900
17. 3
16 . 9
7.9
7 . 2
15. 7
15 . 8
10 . 8
10. 7
17
18
6000
17. 5
17 . 1
8. 2
7 . 4
16. 1
16 . 2
11 . 1
11. 0
17
18
6100
17. 7
17 . 3
8. 4
7 . 6
16. 5
16 . 5
11 . 4
11. 3
17
18
6200
17.9
17 . 5
8. 6
7 . 7
16.9
16 . 9
11 . 7
11. 6
17
18
6300
18. 1
17 . 7
8. 8
7 . 9
17. 3
17 . 2
12 . 0
11.9
17
18
6400
18. 3
17 . 8
9 . 0
8 . 1
17. 7
17 . 5
12 . 3
12. 2
17
18
6500
18. 5
18 . 0
9 . 3
8 . 2
18. 1
17 . 8
12 . 6
12. 5
17
18
6600
18. 7
18 . 2
9 . 5
8 . 4
18. 4
18 . 1
12 . 9
12. 8
17
18
6700
18.9
18 . 4
9 . 7
8 . 6
18. 8
18 . 5
13 . 2
13. 2
17
18
6800
19 . 1
18 . 6
9 .9
8 . 8
19 . 1
18 . 8
13 . 6
13. 5
17
18
6900
19 . 3
18 . 7
10. 1
8 . 9
19 . 5
19 . 1
13 . 9
13. 8
17
18
7000
19 . 5
18 . 9
10. 4
9 . 1
19 . 8
19 . 4
14 . 2
14. 2
17
18
149
(U//FOUO)
(U//FOUO)
(U//FOUO)
UNCLASSIFIED//FOR OFFICIAL USE ONLY


==================================================
FIM DO TEXTO EXTRAÍDO
