=== TEXTO EXTRAÍDO DA PÁGINA 121 ===
PDF: BR-B-UUQ_Firing_Table_Part_1
==================================================

F T 155 AR 1
TABLE F
CHARGE
PART 1
5G
PROJ , HE , M79 5
CORRECT ION FACTORS
FUZE , PD , M739 A1
1
10
11
12
13
14
15
16
17
18
19
R
RANGE CORRECT IONS FOR
A
N
MUZZLE
RANGE
A IR
A IR
PROJ WT
G
VELOC I TY
WI ND
TEMP
DENS I TY
OF 1 SQ
E
1 M / S
1 KNOT
1 PCT
1 PCT
( 4 SQ STD)
DEC
I NC
HEAD
TA I L
DEC
I NC
DEC
I NC
DEC
I NC
M
M
M
M
M
M
M
M
M
M
M
7500
27. 8
24 . 7
11. 5
8 . 3
16. 4
11 . 8
19 . 0
18.9
25
28
7400
27. 5
24 . 3
11. 4
8 . 1
16. 2
11 . 6
18 . 7
18. 7
25
28
7300
27. 2
24 . 0
11. 2
8 . 0
15.9
11 . 5
18 . 4
18. 4
24
27
7200
26. 8
23 . 7
11. 1
7 . 8
15. 7
11 . 3
18 . 1
18. 1
24
27
7100
26. 5
23 . 4
10.9
7 . 5
15. 5
11 . 1
17 . 8
17. 8
24
27
7000
26. 1
23 . 1
10. 8
7 . 3
15. 2
11 . 0
17 . 5
17. 6
23
26
6900
25. 8
22 . 8
10. 6
7 . 1
15. 0
10 . 8
17 . 2
17. 3
23
26
6800
25. 4
22 . 5
10. 5
6 . 8
14. 8
10 . 7
16 . 9
17. 0
22
25
6700
25. 1
22 . 1
10. 3
6 . 6
14. 6
10 . 5
16 . 6
16. 7
22
25
6600
24. 7
21 . 8
10. 2
6 . 3
14. 4
10 . 4
16 . 3
16. 4
22
24
6500
24. 4
21 . 5
10. 0
6 . 0
14. 2
10 . 2
15 . 9
16. 1
21
24
6400
24. 0
21 . 2
9 .9
5 . 6
14. 0
10 . 1
15 . 6
15. 8
21
23
6300
23. 6
20 . 8
9 . 7
5 . 3
13. 8
10 . 0
15 . 3
15. 5
20
23
6200
23. 3
20 . 5
9 . 5
4 . 9
13. 6
9 . 8
15 . 0
15. 2
20
22
6100
22.9
20 . 2
9 . 4
13. 4
9 . 7
14 . 6
14.9
19
22
6000
22. 6
19 . 8
9 . 2
13. 2
9 . 6
14 . 3
14. 6
19
21
5900
22. 2
19 . 5
9 . 0
13. 0
9 . 4
13 . 9
14. 3
18
21
5800
21. 8
19 . 2
8. 8
12. 8
9 . 3
13 . 6
13.9
18
20
5700
21. 5
18 . 8
8. 6
12. 7
9 . 2
13 . 2
13. 6
17
19
5600
21. 1
18 . 5
8. 4
12. 5
9 . 1
12 . 8
13. 3
16
19
5500
20. 7
18 . 2
8. 2
12. 3
9 . 0
12 . 4
12.9
16
18
5400
20. 3
17 . 8
8. 0
12. 2
8 . 8
12 . 0
12. 6
15
17
5300
20. 0
17 . 5
7. 7
12. 0
8 . 7
11 . 6
12. 2
14
17
5200
19 . 6
17 . 1
7. 5
11.9
8 . 6
11 . 2
11. 8
13
16
5100
19 . 2
16 . 8
7. 2
11. 8
8 . 6
10 . 7
11. 5
13
15
5000
18. 8
16 . 4
6.9
11. 6
8 . 5
11. 1
12
14
4900
18. 5
16 . 1
6. 6
11. 5
8 . 4
10. 6
11
13
4800
18. 1
15 . 7
6. 2
11. 4
8 . 4
10. 2
10
12
4700
17. 7
5.9
11. 3
8 . 3
9 . 7
9
11
83
(U//FOUO)
(U//FOUO)
(U//FOUO)
UNCLASSIFIED//FOR OFFICIAL USE ONLY


==================================================
FIM DO TEXTO EXTRAÍDO
