=== TEXTO EXTRAÍDO DA PÁGINA 84 ===
PDF: BR-B-UUQ_Firing_Table_Part_1
==================================================

CHARGE
TABLE F
F T 155 AR 1
4G
PART 1
BAS I C DATA
PROJ , HE , M79 5
FUZE , PD , M739 A1
1
2
3
4
5
6
7
8
9
R
E
FS FOR
DFS
DR
F
T IME
AZ IMUTH
A
L
GRAZE
PER
PER
O
OF
CORRECT IONS
N
E
BURST
10 M
1 M I L
R
FL I GHT
G
V
DEC
D ELEV
K
DR I F T
CW
E
FUZE
HOB
( CORR
OF
M582
TO L )
1 KNOT
M
M I L
M
M I L
SEC
M I L
M I L
3500
243. 0
13. 5
0. 16
12
4
13. 5
4. 8
0. 14
3600
251. 3
14. 0
0. 15
12
5
14. 0
5. 0
0. 14
3700
259 . 7
14. 4
0. 15
12
5
14. 4
5. 2
0. 15
3800
268. 2
14.9
0. 14
12
5
14.9
5. 4
0. 15
3900
276. 8
15. 3
0. 14
11
5
15. 3
5. 6
0. 16
4000
285. 6
15. 8
0. 13
11
5
15. 8
5. 8
0. 16
4100
294. 5
16. 3
0. 13
11
6
16. 3
6. 0
0. 17
4200
303. 6
16. 7
0. 13
11
6
16. 7
6. 2
0. 17
4300
312.9
17. 2
0. 12
11
6
17. 2
6. 4
0. 18
4400
322. 3
17. 7
0. 12
11
6
17. 7
6. 6
0. 18
4500
331.9
18. 2
0. 12
10
7
18. 2
6. 8
0. 19
4600
341. 6
18. 7
0. 11
10
7
18. 7
7. 1
0. 19
4700
351. 6
19 . 2
0. 11
10
7
19 . 2
7. 3
0. 19
4800
361. 8
19 . 7
0. 11
10
8
19 . 7
7. 6
0. 20
4900
372. 3
20. 3
0. 10
9
8
20. 3
7. 8
0. 21
5000
383. 0
20. 8
0. 10
9
8
20. 8
8. 1
0. 21
5100
394. 0
21. 3
0. 10
9
9
21. 3
8. 4
0. 22
5200
405. 3
21.9
0. 10
9
9
21.9
8. 7
0. 22
5300
416.9
22. 5
0. 09
8
9
22. 5
9 . 0
0. 23
5400
428.9
23. 1
0. 09
8
10
23. 1
9 . 3
0. 23
5500
441. 3
23. 7
0. 09
8
11
23. 7
9 . 6
0. 24
5600
454. 1
24. 3
0. 09
8
11
24. 3
10. 0
0. 24
5700
467. 5
25. 0
0. 09
7
12
25. 0
10. 3
0. 25
5800
481. 4
25. 6
0. 08
7
13
25. 6
10. 7
0. 26
5900
496. 0
26. 3
0. 08
7
13
26. 3
11. 2
0. 26
6000
511. 3
27. 0
0. 08
6
14
27. 0
11. 6
0. 27
6100
527. 6
27. 8
0. 08
6
16
27. 8
12. 1
0. 28
6200
545. 0
28. 6
0. 07
6
17
28. 6
12. 6
0. 29
6300
563. 7
29 . 4
0. 07
5
19
29 . 4
13. 3
0. 29
6400
584. 2
30. 4
0. 07
5
21
30. 4
13.9
0. 30
6500
607. 1
31. 4
0. 07
4
25
31. 4
14. 7
0. 31
6600
633. 6
32. 5
0. 07
3
30
32. 5
15. 7
0. 33
6700
666. 2
33.9
0. 06
2
41
33.9
16.9
0. 34
6800
713. 6
35.9
0. 06
35.9
18.9
0. 36
**********************************************************************
6800
839 . 7
40. 7
0. 05
40. 7
25. 4
0. 46
6700
887. 1
42. 4
0. 05
3
42
42. 4
28. 4
0. 48
6600
919 . 6
43. 5
0. 05
3
30
43. 5
30. 7
0. 50
6500
946. 0
44. 3
0. 05
4
25
44. 3
32. 8
0. 52
46
(U//FOUO)
(U//FOUO)
(U//FOUO)
UNCLASSIFIED//FOR OFFICIAL USE ONLY


==================================================
FIM DO TEXTO EXTRAÍDO
