=== TEXTO EXTRAÍDO DA PÁGINA 236 ===
PDF: BR-B-UUQ_Firing_Table_Part_1
==================================================

CHARGE
TABLE G
F T 155 AR 1
6W
PART 1
SUPPLEMENTARY DATA
PROJ , HE , M79 5
FUZE , PD , M739 A1
1
2
3
4
5
6
7
8
9
10
11
12
13
R
E
PROBABLE ERRORS
ANGLE
COT
TML
MO
COMP S I TE
A
L
OF
ANGLE VEL
FOR
N
E
FUZE M582
FALL
OF
ANGLE OF S I TE
G
V
FALL
+1 M I L
1 M I L
E
R
D
HB
TB
RB
S I TE
S I TE
M
M I L
M
M
M
SEC
M
M I L
M / S
M
M I L
M I L
0
0. 0
8
0
0
453
0
0. 000
0. 00
500
12. 6
8
0
13
78. 2
432
2
0. 000
0. 00
1000
26. 0
8
0
0 0. 04
17
28
36. 6
412
7
0. 000
0. 00
1500
40. 4
8
1
1 0. 04
16
45
22. 8
392
16
0. 001
0 . 001
2000
55. 7
8
1
1 0. 04
15
64
16. 0
373
29
0. 002
0 . 001
2500
72. 2
8
1
1 0. 04
15
85
11.9
357
48
0. 003
0 . 002
3000
89 . 8
9
1
2 0. 04
14
109
9 . 3
342
73
0. 005
0 . 004
3500
108. 7
10
2
2 0. 04
14
135
7. 5
331
105
0. 008
0 . 006
4000
128. 8
11
2
2 0. 04
14
163
6. 2
321
144
0. 011
0 . 008
4500
150. 1
12
2
3 0. 04
14
193
5. 2
314
191
0. 014
0 . 011
5000
172. 5
13
2
3 0. 04
14
224
4. 5
308
247
0. 019
0 . 015
5500
196. 2
13
3
4 0. 04
14
256
3.9
302
313
0. 024
0 . 019
6000
221. 0
14
3
4 0. 04
14
290
3. 4
298
388
0. 031
0 . 025
6500
247. 1
15
3
5 0. 04
15
325
3. 0
295
474
0. 040
0 . 032
7000
274. 5
16
3
5 0. 04
15
361
2. 7
292
572
0. 051
0 . 041
7500
303. 3
17
4
6 0. 04
15
398
2. 4
289
683
0. 066
0 . 053
8000
333. 7
18
4
7 0. 04
16
438
2. 2
287
808
0. 085
0 . 068
8500
366. 0
19
4
7 0. 05
16
478
2. 0
286
949
0. 111
0 . 089
9000
400. 5
20
5
8 0. 05
17
521
1. 8
284
1110
0. 146
0 . 116
9500
437.9
21
5
9 0. 05
18
567
1. 6
284
1295
0. 197
0 . 155
10000
479 . 1
22
6
10 0. 05
19
616
1. 4
284
1510
0. 273
0 . 209
10500
525. 6
24
6
12 0. 05
20
670
1. 3
284
1767
0. 405
0 . 292
11000
580. 8
25
7
13 0. 05
21
732
1. 1
285
2089
0. 684
0 . 438
11500
654. 6
27
7
16 0. 06
22
810
1. 0
288
2541
0 . 762
************************************************************************
11500
925. 4
30
9
28 0. 08
24 1065
0. 6
303
4291
1. 88
11000
995. 8
29
9
31 0. 09
23 1125
0. 5
306
4728
1 . 789
1. 54
10500 1047. 2
28
9
33 0. 09
22 1167
0. 4
309
5032
1 . 493
1. 38
10000 1089 . 7
26
9
35 0. 09
21 1202
0. 4
310
5271
1 . 351
1. 29
9500 1126. 5
25
9
37 0. 10
20 1233
0. 4
311
5467
1 . 264
1. 22
9000 1159 . 5
24
9
38 0. 10
19 1261
0. 3
312
5633
1 . 204
1. 17
8500 1189 . 4
22
8
39 0. 10
18 1287
0. 3
313
5776
1 . 160
1. 14
8000 1216. 7
21
8
41 0. 10
17 1312
0. 3
313
5898
1 . 126
1. 11
7500 1241. 8
19
8
42 0. 11
16 1336
0. 3
314
6003
1 . 098
1. 08
7000 1264. 6
18
8
43 0. 11
15 1360
0. 2
314
6093
1 . 074
1. 06
6500 1285. 0
7
44 0. 11
14 1383
0. 2
314
6169
1 . 054
1. 05
19 8
(U//FOUO)
(U//FOUO)
(U//FOUO)
UNCLASSIFIED//FOR OFFICIAL USE ONLY


==================================================
FIM DO TEXTO EXTRAÍDO
